776.644 162.365
452.823 274.579
723.648 521.631
194.618 494.216
794.424 383.398
521.408 167.499
253.092 376.521
700.841 119.946
291.65 258.941
614.037 587.569
469.74 274.732
30.8162 261.139
53.9666 115.322
708.045 399.812
154.652 506.674
539.736 244.266
797.165 255.478
234.499 238.846
538.608 307.64
55.8518 488.547
155.809 32.3618
703.571 137.975
581.847 222.863
227.724 363.483
453.295 437.303
577.322 316.266
760.132 542.929
557.21 551.898
401.808 517.57
781.191 249.675
738.152 360.25
473.856 257.438
645.523 513.746
197.746 466.27
132.889 318.849
264.788 40.3538
706.689 557.694
210.568 392.387
297.166 540.974
315.946 8.19308
786.044 515.562
234.582 167.512
232.007 340.036
526.648 185.462
392.149 411.601
6.03986 322.6
4.4713 310.053
671.81 288.191
452.807 271.557
124.683 114.746
546.184 269.465
693.465 104.183
383.695 511.142
556.853 404.765
165.351 269.181
799.269 182.133
627.286 63.3133
268.02 215.285
82.1359 78.8869
372.053 586.413
111.747 549.474
335.347 300.335
469.61 448.099
759.138 474.933
415.303 483.167
57.961 206.081
503.807 76.7827
74.1821 193.617
116.151 531.329
597.118 385.471
134.342 482.304
150.002 597.396
25.0059 261.725
528.79 420.993
781.624 543.454
771.129 22.692
646.763 218.694
199.821 115.435
182.809 217.627
579.077 494.32
579.687 327.549
241.02 405.733
371.173 358.302
363.895 538.773
267.553 210.496
257.55 445.065
444.097 440.316
245.247 311.973
411.613 140.109
21.0092 226.401
362.404 66.5992
433.825 309.441
720.717 78.2396
556.632 155.344
666.776 13.6055
219.928 235.249
673.525 31.6431
734.758 395.095
399.48 575.966
709.572 359.283
