776.644 162.365 700.841 119.946 703.571 137.975
776.644 162.365 703.571 137.975 781.191 249.675
794.424 383.398 797.165 255.478 738.152 360.25
797.165 255.478 781.191 249.675 738.152 360.25
557.21 551.898 614.037 587.569 645.523 513.746
723.648 521.631 708.045 399.812 645.523 513.746
154.652 506.674 194.618 494.216 197.746 466.27
760.132 542.929 723.648 521.631 706.689 557.694
723.648 521.631 645.523 513.746 706.689 557.694
645.523 513.746 614.037 587.569 706.689 557.694
227.724 363.483 132.889 318.849 210.568 392.387
155.809 32.3618 264.788 40.3538 315.946 8.19308
723.648 521.631 760.132 542.929 786.044 515.562
227.724 363.483 253.092 376.521 232.007 340.036
132.889 318.849 227.724 363.483 232.007 340.036
539.736 244.266 581.847 222.863 526.648 185.462
521.408 167.499 473.856 257.438 526.648 185.462
473.856 257.438 539.736 244.266 526.648 185.462
55.8518 488.547 132.889 318.849 6.03986 322.6
132.889 318.849 30.8162 261.139 6.03986 322.6
6.03986 322.6 30.8162 261.139 4.4713 310.053
581.847 222.863 577.322 316.266 671.81 288.191
738.152 360.25 781.191 249.675 671.81 288.191
452.823 274.579 469.74 274.732 452.807 271.557
469.74 274.732 473.856 257.438 452.807 271.557
538.608 307.64 577.322 316.266 546.184 269.465
581.847 222.863 539.736 244.266 546.184 269.465
577.322 316.266 581.847 222.863 546.184 269.465
469.74 274.732 538.608 307.64 546.184 269.465
473.856 257.438 469.74 274.732 546.184 269.465
539.736 244.266 473.856 257.438 546.184 269.465
703.571 137.975 700.841 119.946 693.465 104.183
132.889 318.849 232.007 340.036 165.351 269.181
30.8162 261.139 132.889 318.849 165.351 269.181
776.644 162.365 781.191 249.675 799.269 182.133
781.191 249.675 797.165 255.478 799.269 182.133
234.499 238.846 291.65 258.941 268.02 215.285
53.9666 115.322 124.683 114.746 82.1359 78.8869
124.683 114.746 155.809 32.3618 82.1359 78.8869
786.044 515.562 794.424 383.398 759.138 474.933
708.045 399.812 723.648 521.631 759.138 474.933
723.648 521.631 786.044 515.562 759.138 474.933
383.695 511.142 401.808 517.57 415.303 483.167
392.149 411.601 383.695 511.142 415.303 483.167
401.808 517.57 557.21 551.898 415.303 483.167
557.21 551.898 469.61 448.099 415.303 483.167
30.8162 261.139 165.351 269.181 57.961 206.081
124.683 114.746 53.9666 115.322 74.1821 193.617
53.9666 115.322 57.961 206.081 74.1821 193.617
57.961 206.081 165.351 269.181 74.1821 193.617
55.8518 488.547 111.747 549.474 116.151 531.329
111.747 549.474 154.652 506.674 116.151 531.329
645.523 513.746 708.045 399.812 597.118 385.471
154.652 506.674 197.746 466.27 134.342 482.304
197.746 466.27 210.568 392.387 134.342 482.304
132.889 318.849 55.8518 488.547 134.342 482.304
210.568 392.387 132.889 318.849 134.342 482.304
55.8518 488.547 116.151 531.329 134.342 482.304
116.151 531.329 154.652 506.674 134.342 482.304
614.037 587.569 372.053 586.413 150.002 597.396
111.747 549.474 55.8518 488.547 150.002 597.396
194.618 494.216 154.652 506.674 150.002 597.396
154.652 506.674 111.747 549.474 150.002 597.396
297.166 540.974 194.618 494.216 150.002 597.396
372.053 586.413 297.166 540.974 150.002 597.396
4.4713 310.053 30.8162 261.139 25.0059 261.725
556.853 404.765 538.608 307.64 528.79 420.993
453.295 437.303 469.61 448.099 528.79 420.993
760.132 542.929 706.689 557.694 781.624 543.454
706.689 557.694 614.037 587.569 781.624 543.454
786.044 515.562 760.132 542.929 781.624 543.454
776.644 162.365 799.269 182.133 771.129 22.692
581.847 222.863 671.81 288.191 646.763 218.694
781.191 249.675 703.571 137.975 646.763 218.694
671.81 288.191 781.191 249.675 646.763 218.694
264.788 40.3538 155.809 32.3618 199.821 115.435
234.582 167.512 264.788 40.3538 199.821 115.435
155.809 32.3618 124.683 114.746 199.821 115.435
124.683 114.746 74.1821 193.617 182.809 217.627
74.1821 193.617 165.351 269.181 182.809 217.627
234.582 167.512 199.821 115.435 182.809 217.627
199.821 115.435 124.683 114.746 182.809 217.627
645.523 513.746 597.118 385.471 579.077 494.32
597.118 385.471 556.853 404.765 579.077 494.32
557.21 551.898 645.523 513.746 579.077 494.32
556.853 404.765 528.79 420.993 579.077 494.32
469.61 448.099 557.21 551.898 579.077 494.32
528.79 420.993 469.61 448.099 579.077 494.32
577.322 316.266 538.608 307.64 579.687 327.549
538.608 307.64 556.853 404.765 579.687 327.549
671.81 288.191 577.322 316.266 579.687 327.549
597.118 385.471 671.81 288.191 579.687 327.549
556.853 404.765 597.118 385.471 579.687 327.549
253.092 376.521 227.724 363.483 241.02 405.733
227.724 363.483 210.568 392.387 241.02 405.733
210.568 392.387 197.746 466.27 241.02 405.733
335.347 300.335 253.092 376.521 371.173 358.302
401.808 517.57 383.695 511.142 363.895 538.773
383.695 511.142 297.166 540.974 363.895 538.773
297.166 540.974 372.053 586.413 363.895 538.773
234.499 238.846 268.02 215.285 267.553 210.496
268.02 215.285 291.65 258.941 267.553 210.496
197.746 466.27 194.618 494.216 257.55 445.065
194.618 494.216 297.166 540.974 257.55 445.065
297.166 540.974 383.695 511.142 257.55 445.065
383.695 511.142 392.149 411.601 257.55 445.065
241.02 405.733 197.746 466.27 257.55 445.065
253.092 376.521 241.02 405.733 257.55 445.065
392.149 411.601 371.173 358.302 257.55 445.065
371.173 358.302 253.092 376.521 257.55 445.065
453.295 437.303 392.149 411.601 444.097 440.316
392.149 411.601 415.303 483.167 444.097 440.316
469.61 448.099 453.295 437.303 444.097 440.316
415.303 483.167 469.61 448.099 444.097 440.316
291.65 258.941 234.499 238.846 245.247 311.973
165.351 269.181 232.007 340.036 245.247 311.973
335.347 300.335 291.65 258.941 245.247 311.973
232.007 340.036 253.092 376.521 245.247 311.973
253.092 376.521 335.347 300.335 245.247 311.973
473.856 257.438 521.408 167.499 411.613 140.109
452.807 271.557 473.856 257.438 411.613 140.109
291.65 258.941 335.347 300.335 411.613 140.109
335.347 300.335 452.807 271.557 411.613 140.109
267.553 210.496 291.65 258.941 411.613 140.109
521.408 167.499 503.807 76.7827 411.613 140.109
4.4713 310.053 25.0059 261.725 21.0092 226.401
30.8162 261.139 57.961 206.081 21.0092 226.401
25.0059 261.725 30.8162 261.139 21.0092 226.401
57.961 206.081 53.9666 115.322 21.0092 226.401
315.946 8.19308 264.788 40.3538 362.404 66.5992
264.788 40.3538 234.582 167.512 362.404 66.5992
234.582 167.512 267.553 210.496 362.404 66.5992
267.553 210.496 411.613 140.109 362.404 66.5992
503.807 76.7827 315.946 8.19308 362.404 66.5992
411.613 140.109 503.807 76.7827 362.404 66.5992
469.74 274.732 452.823 274.579 433.825 309.441
538.608 307.64 469.74 274.732 433.825 309.441
452.823 274.579 452.807 271.557 433.825 309.441
452.807 271.557 335.347 300.335 433.825 309.441
453.295 437.303 528.79 420.993 433.825 309.441
528.79 420.993 538.608 307.64 433.825 309.441
392.149 411.601 453.295 437.303 433.825 309.441
371.173 358.302 392.149 411.601 433.825 309.441
335.347 300.335 371.173 358.302 433.825 309.441
700.841 119.946 776.644 162.365 720.717 78.2396
776.644 162.365 771.129 22.692 720.717 78.2396
693.465 104.183 700.841 119.946 720.717 78.2396
521.408 167.499 526.648 185.462 556.632 155.344
526.648 185.462 581.847 222.863 556.632 155.344
627.286 63.3133 503.807 76.7827 556.632 155.344
503.807 76.7827 521.408 167.499 556.632 155.344
581.847 222.863 646.763 218.694 556.632 155.344
703.571 137.975 693.465 104.183 556.632 155.344
646.763 218.694 703.571 137.975 556.632 155.344
693.465 104.183 627.286 63.3133 556.632 155.344
315.946 8.19308 503.807 76.7827 666.776 13.6055
503.807 76.7827 627.286 63.3133 666.776 13.6055
234.582 167.512 182.809 217.627 219.928 235.249
182.809 217.627 165.351 269.181 219.928 235.249
234.499 238.846 267.553 210.496 219.928 235.249
267.553 210.496 234.582 167.512 219.928 235.249
165.351 269.181 245.247 311.973 219.928 235.249
245.247 311.973 234.499 238.846 219.928 235.249
627.286 63.3133 693.465 104.183 673.525 31.6431
666.776 13.6055 627.286 63.3133 673.525 31.6431
693.465 104.183 720.717 78.2396 673.525 31.6431
720.717 78.2396 771.129 22.692 673.525 31.6431
771.129 22.692 666.776 13.6055 673.525 31.6431
794.424 383.398 738.152 360.25 734.758 395.095
708.045 399.812 759.138 474.933 734.758 395.095
759.138 474.933 794.424 383.398 734.758 395.095
614.037 587.569 557.21 551.898 399.48 575.966
372.053 586.413 614.037 587.569 399.48 575.966
557.21 551.898 401.808 517.57 399.48 575.966
401.808 517.57 363.895 538.773 399.48 575.966
363.895 538.773 372.053 586.413 399.48 575.966
738.152 360.25 671.81 288.191 709.572 359.283
671.81 288.191 597.118 385.471 709.572 359.283
597.118 385.471 708.045 399.812 709.572 359.283
708.045 399.812 734.758 395.095 709.572 359.283
734.758 395.095 738.152 360.25 709.572 359.283
