541.467 526.696
413.546 34.186
584.209 591.016
72.0107 495.188
503.928 371.271
307.846 556.228
53.7896 133.52
198.154 544.69
132.012 334.572
204.428 403.568
550.768 412.209
585.181 23.9708
162.037 81.3288
344.571 199.58
669.937 201.574
536.138 573.58
583.617 55.1325
411.241 280.919
701.654 236.116
676.321 129.149
459.89 270.729
592.728 145.722
657.901 400.883
39.4894 467.961
454.119 410.842
737.911 208.985
54.8285 163.162
556.072 378.964
646.204 129.257
732.697 519.393
306.435 191.274
702.698 59.1106
436.561 518.969
711.868 550.292
675.665 279.23
323.404 203.414
674.321 537.076
61.3722 489.149
424.404 388.595
551.244 485.334
705.239 416.662
500.977 436.669
781.257 177.381
115.594 37.9094
225.069 302.587
711.818 325.055
444.541 350.706
209.754 470.56
333.836 461.86
670.559 401.373
768.094 370.673
447.421 100.374
607.1 426.254
221.625 415.442
55.7029 232.238
137.117 154.619
600.357 443.5
467.824 59.7888
327.484 450.15
372.605 559.849
71.9895 410.295
706.578 519.595
495.39 100.938
180.431 375.065
563.924 427.971
94.0858 535.555
143.71 476.117
429.129 53.6056
241.36 245.632
41.9963 317.867
724.891 368.176
500.827 246.13
276.318 50.2931
5.85809 306.355
457.705 438.44
265.251 253.048
141.445 214.259
607.876 124.331
393.726 110.688
14.0757 94.0325
140.001 402.844
555.371 531.88
42.7885 387.342
646.855 492.33
464.162 103.535
343.799 327.586
571.416 147.887
668.208 3.24054
452.305 296.909
330.383 419.03
