344.571 199.58 411.241 280.919 459.89 270.729
669.937 201.574 701.654 236.116 737.911 208.985
676.321 129.149 669.937 201.574 737.911 208.985
503.928 371.271 550.768 412.209 556.072 378.964
669.937 201.574 676.321 129.149 646.204 129.257
592.728 145.722 669.937 201.574 646.204 129.257
583.617 55.1325 646.204 129.257 702.698 59.1106
646.204 129.257 676.321 129.149 702.698 59.1106
536.138 573.58 541.467 526.696 436.561 518.969
701.654 236.116 669.937 201.574 675.665 279.23
556.072 378.964 657.901 400.883 675.665 279.23
344.571 199.58 306.435 191.274 323.404 203.414
584.209 591.016 711.868 550.292 674.321 537.076
550.768 412.209 503.928 371.271 500.977 436.669
503.928 371.271 454.119 410.842 500.977 436.669
436.561 518.969 541.467 526.696 500.977 436.669
541.467 526.696 551.244 485.334 500.977 436.669
676.321 129.149 737.911 208.985 781.257 177.381
702.698 59.1106 676.321 129.149 781.257 177.381
53.7896 133.52 162.037 81.3288 115.594 37.9094
737.911 208.985 701.654 236.116 711.818 325.055
701.654 236.116 675.665 279.23 711.818 325.055
675.665 279.23 657.901 400.883 711.818 325.055
454.119 410.842 503.928 371.271 444.541 350.706
424.404 388.595 454.119 410.842 444.541 350.706
198.154 544.69 307.846 556.228 209.754 470.56
209.754 470.56 307.846 556.228 333.836 461.86
711.818 325.055 657.901 400.883 670.559 401.373
781.257 177.381 737.911 208.985 768.094 370.673
737.911 208.985 711.818 325.055 768.094 370.673
705.239 416.662 732.697 519.393 768.094 370.673
657.901 400.883 556.072 378.964 607.1 426.254
225.069 302.587 204.428 403.568 221.625 415.442
204.428 403.568 209.754 470.56 221.625 415.442
162.037 81.3288 53.7896 133.52 137.117 154.619
53.7896 133.52 54.8285 163.162 137.117 154.619
306.435 191.274 162.037 81.3288 137.117 154.619
585.181 23.9708 413.546 34.186 467.824 59.7888
583.617 55.1325 585.181 23.9708 467.824 59.7888
209.754 470.56 333.836 461.86 327.484 450.15
221.625 415.442 209.754 470.56 327.484 450.15
307.846 556.228 584.209 591.016 372.605 559.849
584.209 591.016 536.138 573.58 372.605 559.849
536.138 573.58 436.561 518.969 372.605 559.849
436.561 518.969 333.836 461.86 372.605 559.849
333.836 461.86 307.846 556.228 372.605 559.849
39.4894 467.961 61.3722 489.149 71.9895 410.295
61.3722 489.149 72.0107 495.188 71.9895 410.295
711.868 550.292 732.697 519.393 706.578 519.595
674.321 537.076 711.868 550.292 706.578 519.595
732.697 519.393 705.239 416.662 706.578 519.595
583.617 55.1325 467.824 59.7888 495.39 100.938
204.428 403.568 225.069 302.587 180.431 375.065
225.069 302.587 132.012 334.572 180.431 375.065
550.768 412.209 500.977 436.669 563.924 427.971
500.977 436.669 551.244 485.334 563.924 427.971
556.072 378.964 550.768 412.209 563.924 427.971
607.1 426.254 556.072 378.964 563.924 427.971
551.244 485.334 600.357 443.5 563.924 427.971
600.357 443.5 607.1 426.254 563.924 427.971
307.846 556.228 198.154 544.69 94.0858 535.555
72.0107 495.188 61.3722 489.149 94.0858 535.555
61.3722 489.149 39.4894 467.961 94.0858 535.555
71.9895 410.295 72.0107 495.188 143.71 476.117
209.754 470.56 204.428 403.568 143.71 476.117
198.154 544.69 209.754 470.56 143.71 476.117
94.0858 535.555 198.154 544.69 143.71 476.117
72.0107 495.188 94.0858 535.555 143.71 476.117
447.421 100.374 467.824 59.7888 429.129 53.6056
467.824 59.7888 413.546 34.186 429.129 53.6056
306.435 191.274 137.117 154.619 241.36 245.632
132.012 334.572 55.7029 232.238 41.9963 317.867
711.818 325.055 670.559 401.373 724.891 368.176
670.559 401.373 705.239 416.662 724.891 368.176
705.239 416.662 768.094 370.673 724.891 368.176
768.094 370.673 711.818 325.055 724.891 368.176
503.928 371.271 556.072 378.964 500.827 246.13
675.665 279.23 669.937 201.574 500.827 246.13
556.072 378.964 675.665 279.23 500.827 246.13
447.421 100.374 459.89 270.729 500.827 246.13
162.037 81.3288 306.435 191.274 276.318 50.2931
413.546 34.186 115.594 37.9094 276.318 50.2931
115.594 37.9094 162.037 81.3288 276.318 50.2931
55.7029 232.238 54.8285 163.162 5.85809 306.355
41.9963 317.867 55.7029 232.238 5.85809 306.355
436.561 518.969 500.977 436.669 457.705 438.44
500.977 436.669 454.119 410.842 457.705 438.44
333.836 461.86 436.561 518.969 457.705 438.44
454.119 410.842 424.404 388.595 457.705 438.44
424.404 388.595 333.836 461.86 457.705 438.44
241.36 245.632 225.069 302.587 265.251 253.048
323.404 203.414 306.435 191.274 265.251 253.048
306.435 191.274 241.36 245.632 265.251 253.048
54.8285 163.162 55.7029 232.238 141.445 214.259
137.117 154.619 54.8285 163.162 141.445 214.259
55.7029 232.238 132.012 334.572 141.445 214.259
132.012 334.572 225.069 302.587 141.445 214.259
225.069 302.587 241.36 245.632 141.445 214.259
241.36 245.632 137.117 154.619 141.445 214.259
592.728 145.722 646.204 129.257 607.876 124.331
646.204 129.257 583.617 55.1325 607.876 124.331
344.571 199.58 459.89 270.729 393.726 110.688
459.89 270.729 447.421 100.374 393.726 110.688
447.421 100.374 429.129 53.6056 393.726 110.688
306.435 191.274 344.571 199.58 393.726 110.688
276.318 50.2931 306.435 191.274 393.726 110.688
429.129 53.6056 413.546 34.186 393.726 110.688
413.546 34.186 276.318 50.2931 393.726 110.688
53.7896 133.52 115.594 37.9094 14.0757 94.0325
54.8285 163.162 53.7896 133.52 14.0757 94.0325
5.85809 306.355 54.8285 163.162 14.0757 94.0325
132.012 334.572 71.9895 410.295 140.001 402.844
180.431 375.065 132.012 334.572 140.001 402.844
204.428 403.568 180.431 375.065 140.001 402.844
143.71 476.117 204.428 403.568 140.001 402.844
71.9895 410.295 143.71 476.117 140.001 402.844
541.467 526.696 536.138 573.58 555.371 531.88
536.138 573.58 584.209 591.016 555.371 531.88
551.244 485.334 541.467 526.696 555.371 531.88
71.9895 410.295 132.012 334.572 42.7885 387.342
132.012 334.572 41.9963 317.867 42.7885 387.342
39.4894 467.961 71.9895 410.295 42.7885 387.342
5.85809 306.355 39.4894 467.961 42.7885 387.342
41.9963 317.867 5.85809 306.355 42.7885 387.342
705.239 416.662 670.559 401.373 646.855 492.33
670.559 401.373 657.901 400.883 646.855 492.33
657.901 400.883 607.1 426.254 646.855 492.33
607.1 426.254 600.357 443.5 646.855 492.33
706.578 519.595 705.239 416.662 646.855 492.33
674.321 537.076 706.578 519.595 646.855 492.33
584.209 591.016 674.321 537.076 646.855 492.33
555.371 531.88 584.209 591.016 646.855 492.33
600.357 443.5 551.244 485.334 646.855 492.33
551.244 485.334 555.371 531.88 646.855 492.33
467.824 59.7888 447.421 100.374 464.162 103.535
495.39 100.938 467.824 59.7888 464.162 103.535
447.421 100.374 500.827 246.13 464.162 103.535
500.827 246.13 495.39 100.938 464.162 103.535
411.241 280.919 344.571 199.58 343.799 327.586
344.571 199.58 323.404 203.414 343.799 327.586
424.404 388.595 444.541 350.706 343.799 327.586
444.541 350.706 411.241 280.919 343.799 327.586
225.069 302.587 221.625 415.442 343.799 327.586
323.404 203.414 265.251 253.048 343.799 327.586
265.251 253.048 225.069 302.587 343.799 327.586
583.617 55.1325 495.39 100.938 571.416 147.887
669.937 201.574 592.728 145.722 571.416 147.887
500.827 246.13 669.937 201.574 571.416 147.887
495.39 100.938 500.827 246.13 571.416 147.887
592.728 145.722 607.876 124.331 571.416 147.887
607.876 124.331 583.617 55.1325 571.416 147.887
585.181 23.9708 583.617 55.1325 668.208 3.24054
583.617 55.1325 702.698 59.1106 668.208 3.24054
702.698 59.1106 781.257 177.381 668.208 3.24054
413.546 34.186 585.181 23.9708 668.208 3.24054
115.594 37.9094 413.546 34.186 668.208 3.24054
444.541 350.706 503.928 371.271 452.305 296.909
459.89 270.729 411.241 280.919 452.305 296.909
411.241 280.919 444.541 350.706 452.305 296.909
503.928 371.271 500.827 246.13 452.305 296.909
500.827 246.13 459.89 270.729 452.305 296.909
333.836 461.86 424.404 388.595 330.383 419.03
327.484 450.15 333.836 461.86 330.383 419.03
424.404 388.595 343.799 327.586 330.383 419.03
221.625 415.442 327.484 450.15 330.383 419.03
343.799 327.586 221.625 415.442 330.383 419.03
