409.451 267.805 313.371 228.964
313.371 228.964 298.51 275.031
298.51 275.031 409.451 267.805
791.225 274.064 737.306 204.07
737.306 204.07 700.764 284.586
700.764 284.586 791.225 274.064
12.7694 292.372 74.2242 500.86
74.2242 500.86 104.572 378.55
104.572 378.55 12.7694 292.372
195.633 410.181 194.822 283.974
194.822 283.974 104.572 378.55
104.572 378.55 195.633 410.181
195.633 410.181 224.172 445.59
224.172 445.59 228.394 418.616
228.394 418.616 195.633 410.181
430.271 477.395 371.8 555.434
371.8 555.434 487.715 512.018
487.715 512.018 430.271 477.395
534.202 537.969 456.432 413.812
456.432 413.812 487.715 512.018
487.715 512.018 534.202 537.969
456.432 413.812 430.271 477.395
430.271 477.395 487.715 512.018
487.715 512.018 456.432 413.812
194.822 283.974 195.633 410.181
195.633 410.181 233.35 326.097
233.35 326.097 194.822 283.974
298.51 275.031 194.822 283.974
194.822 283.974 233.35 326.097
233.35 326.097 298.51 275.031
313.371 228.964 409.451 267.805
409.451 267.805 329.105 103.964
329.105 103.964 313.371 228.964
194.822 283.974 264.057 174.101
264.057 174.101 141.896 273.865
141.896 273.865 194.822 283.974
12.7694 292.372 104.572 378.55
104.572 378.55 141.896 273.865
141.896 273.865 12.7694 292.372
104.572 378.55 194.822 283.974
194.822 283.974 141.896 273.865
141.896 273.865 104.572 378.55
791.225 274.064 700.764 284.586
700.764 284.586 742.299 313.023
742.299 313.023 791.225 274.064
763.809 470.571 791.225 274.064
791.225 274.064 742.299 313.023
742.299 313.023 763.809 470.571
661.202 518.92 763.809 470.571
763.809 470.571 742.299 313.023
742.299 313.023 661.202 518.92
456.432 413.812 409.451 267.805
409.451 267.805 325.908 339.332
325.908 339.332 456.432 413.812
409.451 267.805 298.51 275.031
298.51 275.031 325.908 339.332
325.908 339.332 409.451 267.805
298.51 275.031 233.35 326.097
233.35 326.097 244.042 328.968
244.042 328.968 298.51 275.031
325.908 339.332 298.51 275.031
298.51 275.031 244.042 328.968
244.042 328.968 325.908 339.332
661.202 518.92 742.299 313.023
742.299 313.023 697.934 287.903
697.934 287.903 661.202 518.92
742.299 313.023 700.764 284.586
700.764 284.586 697.934 287.903
697.934 287.903 742.299 313.023
737.306 204.07 791.225 274.064
791.225 274.064 713.305 77.8558
713.305 77.8558 737.306 204.07
583.08 27.9108 559.373 44.4673
559.373 44.4673 713.305 77.8558
713.305 77.8558 583.08 27.9108
224.172 445.59 195.633 410.181
195.633 410.181 121.544 511.468
121.544 511.468 224.172 445.59
195.633 410.181 104.572 378.55
104.572 378.55 121.544 511.468
121.544 511.468 195.633 410.181
104.572 378.55 74.2242 500.86
74.2242 500.86 121.544 511.468
121.544 511.468 104.572 378.55
74.2242 500.86 289.93 558.847
289.93 558.847 121.544 511.468
121.544 511.468 74.2242 500.86
289.93 558.847 224.172 445.59
224.172 445.59 121.544 511.468
121.544 511.468 289.93 558.847
371.8 555.434 430.271 477.395
430.271 477.395 384.583 429.497
384.583 429.497 371.8 555.434
224.172 445.59 289.93 558.847
289.93 558.847 384.583 429.497
384.583 429.497 224.172 445.59
289.93 558.847 371.8 555.434
371.8 555.434 384.583 429.497
384.583 429.497 289.93 558.847
430.271 477.395 456.432 413.812
456.432 413.812 384.583 429.497
384.583 429.497 430.271 477.395
456.432 413.812 325.908 339.332
325.908 339.332 384.583 429.497
384.583 429.497 456.432 413.812
264.057 174.101 329.105 103.964
329.105 103.964 262.882 61.8498
262.882 61.8498 264.057 174.101
329.105 103.964 335.048 86.8419
335.048 86.8419 262.882 61.8498
262.882 61.8498 329.105 103.964
195.633 410.181 228.394 418.616
228.394 418.616 249.205 388.285
249.205 388.285 195.633 410.181
233.35 326.097 195.633 410.181
195.633 410.181 249.205 388.285
249.205 388.285 233.35 326.097
244.042 328.968 233.35 326.097
233.35 326.097 249.205 388.285
249.205 388.285 244.042 328.968
325.908 339.332 244.042 328.968
244.042 328.968 249.205 388.285
249.205 388.285 325.908 339.332
228.394 418.616 224.172 445.59
224.172 445.59 249.205 388.285
249.205 388.285 228.394 418.616
224.172 445.59 384.583 429.497
384.583 429.497 249.205 388.285
249.205 388.285 224.172 445.59
384.583 429.497 325.908 339.332
325.908 339.332 249.205 388.285
249.205 388.285 384.583 429.497
335.048 86.8419 510.437 10.2086
510.437 10.2086 321.525 46.7167
321.525 46.7167 335.048 86.8419
262.882 61.8498 335.048 86.8419
335.048 86.8419 321.525 46.7167
321.525 46.7167 262.882 61.8498
456.432 413.812 534.202 537.969
534.202 537.969 531.105 319.163
531.105 319.163 456.432 413.812
534.202 537.969 661.202 518.92
661.202 518.92 531.105 319.163
531.105 319.163 534.202 537.969
409.451 267.805 456.432 413.812
456.432 413.812 531.105 319.163
531.105 319.163 409.451 267.805
661.202 518.92 697.934 287.903
697.934 287.903 531.105 319.163
531.105 319.163 661.202 518.92
510.437 10.2086 559.373 44.4673
559.373 44.4673 585.242 7.42328
585.242 7.42328 510.437 10.2086
559.373 44.4673 583.08 27.9108
583.08 27.9108 585.242 7.42328
585.242 7.42328 559.373 44.4673
583.08 27.9108 713.305 77.8558
713.305 77.8558 585.242 7.42328
585.242 7.42328 583.08 27.9108
763.809 470.571 661.202 518.92
661.202 518.92 747.641 521.199
747.641 521.199 763.809 470.571
661.202 518.92 687.529 540.717
687.529 540.717 747.641 521.199
747.641 521.199 661.202 518.92
510.437 10.2086 335.048 86.8419
335.048 86.8419 503.143 146.371
503.143 146.371 510.437 10.2086
559.373 44.4673 510.437 10.2086
510.437 10.2086 503.143 146.371
503.143 146.371 559.373 44.4673
335.048 86.8419 329.105 103.964
329.105 103.964 503.143 146.371
503.143 146.371 335.048 86.8419
329.105 103.964 409.451 267.805
409.451 267.805 503.143 146.371
503.143 146.371 329.105 103.964
12.7694 292.372 141.896 273.865
141.896 273.865 228.656 27.0129
228.656 27.0129 12.7694 292.372
141.896 273.865 264.057 174.101
264.057 174.101 228.656 27.0129
228.656 27.0129 141.896 273.865
264.057 174.101 262.882 61.8498
262.882 61.8498 228.656 27.0129
228.656 27.0129 264.057 174.101
321.525 46.7167 510.437 10.2086
510.437 10.2086 228.656 27.0129
228.656 27.0129 321.525 46.7167
262.882 61.8498 321.525 46.7167
321.525 46.7167 228.656 27.0129
228.656 27.0129 262.882 61.8498
534.202 537.969 487.715 512.018
487.715 512.018 489.633 590.241
489.633 590.241 534.202 537.969
487.715 512.018 371.8 555.434
371.8 555.434 489.633 590.241
489.633 590.241 487.715 512.018
371.8 555.434 289.93 558.847
289.93 558.847 489.633 590.241
489.633 590.241 371.8 555.434
264.057 174.101 194.822 283.974
194.822 283.974 280.367 201.754
280.367 201.754 264.057 174.101
313.371 228.964 329.105 103.964
329.105 103.964 280.367 201.754
280.367 201.754 313.371 228.964
329.105 103.964 264.057 174.101
264.057 174.101 280.367 201.754
280.367 201.754 329.105 103.964
298.51 275.031 313.371 228.964
313.371 228.964 298.659 235.907
298.659 235.907 298.51 275.031
313.371 228.964 280.367 201.754
280.367 201.754 298.659 235.907
298.659 235.907 313.371 228.964
194.822 283.974 298.51 275.031
298.51 275.031 298.659 235.907
298.659 235.907 194.822 283.974
280.367 201.754 194.822 283.974
194.822 283.974 298.659 235.907
298.659 235.907 280.367 201.754
661.202 518.92 534.202 537.969
534.202 537.969 645.124 550.589
645.124 550.589 661.202 518.92
687.529 540.717 661.202 518.92
661.202 518.92 645.124 550.589
645.124 550.589 687.529 540.717
534.202 537.969 489.633 590.241
489.633 590.241 645.124 550.589
645.124 550.589 534.202 537.969
489.633 590.241 687.529 540.717
687.529 540.717 645.124 550.589
645.124 550.589 489.633 590.241
737.306 204.07 713.305 77.8558
713.305 77.8558 531.232 159.782
531.232 159.782 737.306 204.07
713.305 77.8558 559.373 44.4673
559.373 44.4673 531.232 159.782
531.232 159.782 713.305 77.8558
559.373 44.4673 503.143 146.371
503.143 146.371 531.232 159.782
531.232 159.782 559.373 44.4673
700.764 284.586 737.306 204.07
737.306 204.07 531.232 159.782
531.232 159.782 700.764 284.586
697.934 287.903 700.764 284.586
700.764 284.586 531.232 159.782
531.232 159.782 697.934 287.903
531.105 319.163 697.934 287.903
697.934 287.903 531.232 159.782
531.232 159.782 531.105 319.163
409.451 267.805 531.105 319.163
531.105 319.163 531.232 159.782
531.232 159.782 409.451 267.805
503.143 146.371 409.451 267.805
409.451 267.805 531.232 159.782
531.232 159.782 503.143 146.371
