12.7694 292.372
456.432 413.812
335.048 86.8419
264.057 174.101
74.2242 500.86
313.371 228.964
195.633 410.181
737.306 204.07
409.451 267.805
791.225 274.064
194.822 283.974
224.172 445.59
298.51 275.031
371.8 555.434
510.437 10.2086
534.202 537.969
430.271 477.395
700.764 284.586
583.08 27.9108
104.572 378.55
228.394 418.616
487.715 512.018
233.35 326.097
329.105 103.964
661.202 518.92
559.373 44.4673
763.809 470.571
141.896 273.865
742.299 313.023
289.93 558.847
325.908 339.332
244.042 328.968
697.934 287.903
713.305 77.8558
687.529 540.717
121.544 511.468
384.583 429.497
262.882 61.8498
249.205 388.285
321.525 46.7167
531.105 319.163
585.242 7.42328
747.641 521.199
503.143 146.371
228.656 27.0129
489.633 590.241
280.367 201.754
298.659 235.907
645.124 550.589
531.232 159.782
