482.565 410.59 339.325 317.086
339.325 317.086 387.904 499.454
387.904 499.454 482.565 410.59
53.9064 114.642 48.4608 111.904
48.4608 111.904 68.9693 307.579
68.9693 307.579 53.9064 114.642
253.054 403.718 262.808 453.588
262.808 453.588 257.012 399.504
257.012 399.504 253.054 403.718
387.904 499.454 339.325 317.086
339.325 317.086 257.012 399.504
257.012 399.504 387.904 499.454
262.808 453.588 387.904 499.454
387.904 499.454 257.012 399.504
257.012 399.504 262.808 453.588
257.012 399.504 339.325 317.086
339.325 317.086 221.275 304.135
221.275 304.135 257.012 399.504
563.649 360.377 482.565 410.59
482.565 410.59 542.496 421.076
542.496 421.076 563.649 360.377
53.9064 114.642 68.9693 307.579
68.9693 307.579 132.934 211.235
132.934 211.235 53.9064 114.642
68.9693 307.579 115.576 299.03
115.576 299.03 132.934 211.235
132.934 211.235 68.9693 307.579
115.172 112.339 53.9064 114.642
53.9064 114.642 132.934 211.235
132.934 211.235 115.172 112.339
115.576 299.03 178.556 235.51
178.556 235.51 132.934 211.235
132.934 211.235 115.576 299.03
641.424 480.209 755.697 454.505
755.697 454.505 702.984 420.909
702.984 420.909 641.424 480.209
253.054 403.718 257.012 399.504
257.012 399.504 213.425 403.928
213.425 403.928 253.054 403.718
257.012 399.504 221.275 304.135
221.275 304.135 213.425 403.928
213.425 403.928 257.012 399.504
482.565 410.59 387.904 499.454
387.904 499.454 484.43 521.78
484.43 521.78 482.565 410.59
110.544 521.235 42.1319 544.513
42.1319 544.513 142.436 547.81
142.436 547.81 110.544 521.235
755.697 454.505 749.147 203.266
749.147 203.266 670.15 333.067
670.15 333.067 755.697 454.505
702.984 420.909 755.697 454.505
755.697 454.505 670.15 333.067
670.15 333.067 702.984 420.909
749.147 203.266 614.425 247.031
614.425 247.031 670.15 333.067
670.15 333.067 749.147 203.266
563.649 360.377 702.984 420.909
702.984 420.909 670.15 333.067
670.15 333.067 563.649 360.377
668.022 135.108 770.069 93.2308
770.069 93.2308 686.286 52.164
686.286 52.164 668.022 135.108
614.425 247.031 749.147 203.266
749.147 203.266 717.105 182.422
717.105 182.422 614.425 247.031
749.147 203.266 770.069 93.2308
770.069 93.2308 717.105 182.422
717.105 182.422 749.147 203.266
770.069 93.2308 668.022 135.108
668.022 135.108 717.105 182.422
717.105 182.422 770.069 93.2308
115.576 299.03 68.9693 307.579
68.9693 307.579 153.369 329.671
153.369 329.671 115.576 299.03
213.425 403.928 221.275 304.135
221.275 304.135 153.369 329.671
153.369 329.671 213.425 403.928
387.904 499.454 262.808 453.588
262.808 453.588 274.026 489
274.026 489 387.904 499.454
408.221 226.644 461.845 227.411
461.845 227.411 469.877 207.265
469.877 207.265 408.221 226.644
461.845 227.411 488.853 237.151
488.853 237.151 469.877 207.265
469.877 207.265 461.845 227.411
593.982 203.909 614.425 247.031
614.425 247.031 663.931 142.693
663.931 142.693 593.982 203.909
614.425 247.031 717.105 182.422
717.105 182.422 663.931 142.693
663.931 142.693 614.425 247.031
717.105 182.422 668.022 135.108
668.022 135.108 663.931 142.693
663.931 142.693 717.105 182.422
484.43 521.78 565.858 548.164
565.858 548.164 492.126 518.99
492.126 518.99 484.43 521.78
542.496 421.076 482.565 410.59
482.565 410.59 492.126 518.99
492.126 518.99 542.496 421.076
482.565 410.59 484.43 521.78
484.43 521.78 492.126 518.99
492.126 518.99 482.565 410.59
482.565 410.59 563.649 360.377
563.649 360.377 531.943 259.774
531.943 259.774 482.565 410.59
488.853 237.151 482.565 410.59
482.565 410.59 531.943 259.774
531.943 259.774 488.853 237.151
614.425 247.031 593.982 203.909
593.982 203.909 531.943 259.774
531.943 259.774 614.425 247.031
152.896 34.5394 115.172 112.339
115.172 112.339 215.578 54.2418
215.578 54.2418 152.896 34.5394
225.93 224.562 216.432 285.356
216.432 285.356 224.271 292.123
224.271 292.123 225.93 224.562
216.432 285.356 221.275 304.135
221.275 304.135 224.271 292.123
224.271 292.123 216.432 285.356
221.275 304.135 339.325 317.086
339.325 317.086 224.271 292.123
224.271 292.123 221.275 304.135
755.697 454.505 641.424 480.209
641.424 480.209 697.189 549.852
697.189 549.852 755.697 454.505
641.424 480.209 565.858 548.164
565.858 548.164 697.189 549.852
697.189 549.852 641.424 480.209
469.877 207.265 488.853 237.151
488.853 237.151 515.594 207.193
515.594 207.193 469.877 207.265
488.853 237.151 531.943 259.774
531.943 259.774 515.594 207.193
515.594 207.193 488.853 237.151
531.943 259.774 593.982 203.909
593.982 203.909 515.594 207.193
515.594 207.193 531.943 259.774
48.4608 111.904 53.9064 114.642
53.9064 114.642 36.8345 76.4399
36.8345 76.4399 48.4608 111.904
53.9064 114.642 115.172 112.339
115.172 112.339 36.8345 76.4399
36.8345 76.4399 53.9064 114.642
115.172 112.339 152.896 34.5394
152.896 34.5394 36.8345 76.4399
36.8345 76.4399 115.172 112.339
152.896 34.5394 30.2204 10.2692
30.2204 10.2692 36.8345 76.4399
36.8345 76.4399 152.896 34.5394
225.93 224.562 224.271 292.123
224.271 292.123 289.931 206.507
289.931 206.507 225.93 224.562
224.271 292.123 339.325 317.086
339.325 317.086 289.931 206.507
289.931 206.507 224.271 292.123
565.858 548.164 641.424 480.209
641.424 480.209 576.499 459.001
576.499 459.001 565.858 548.164
563.649 360.377 542.496 421.076
542.496 421.076 576.499 459.001
576.499 459.001 563.649 360.377
641.424 480.209 702.984 420.909
702.984 420.909 576.499 459.001
576.499 459.001 641.424 480.209
702.984 420.909 563.649 360.377
563.649 360.377 576.499 459.001
576.499 459.001 702.984 420.909
542.496 421.076 492.126 518.99
492.126 518.99 576.499 459.001
576.499 459.001 542.496 421.076
492.126 518.99 565.858 548.164
565.858 548.164 576.499 459.001
576.499 459.001 492.126 518.99
262.808 453.588 253.054 403.718
253.054 403.718 206.31 417.201
206.31 417.201 262.808 453.588
253.054 403.718 213.425 403.928
213.425 403.928 206.31 417.201
206.31 417.201 253.054 403.718
213.425 403.928 153.369 329.671
153.369 329.671 206.31 417.201
206.31 417.201 213.425 403.928
397.31 86.4711 343.627 88.951
343.627 88.951 371.774 137.672
371.774 137.672 397.31 86.4711
142.436 547.81 42.1319 544.513
42.1319 544.513 241.548 569.734
241.548 569.734 142.436 547.81
565.858 548.164 484.43 521.78
484.43 521.78 241.548 569.734
241.548 569.734 565.858 548.164
484.43 521.78 387.904 499.454
387.904 499.454 241.548 569.734
241.548 569.734 484.43 521.78
387.904 499.454 274.026 489
274.026 489 241.548 569.734
241.548 569.734 387.904 499.454
697.189 549.852 565.858 548.164
565.858 548.164 241.548 569.734
241.548 569.734 697.189 549.852
563.649 360.377 670.15 333.067
670.15 333.067 611.581 319.657
611.581 319.657 563.649 360.377
670.15 333.067 614.425 247.031
614.425 247.031 611.581 319.657
611.581 319.657 670.15 333.067
614.425 247.031 531.943 259.774
531.943 259.774 611.581 319.657
611.581 319.657 614.425 247.031
531.943 259.774 563.649 360.377
563.649 360.377 611.581 319.657
611.581 319.657 531.943 259.774
408.221 226.644 469.877 207.265
469.877 207.265 433.798 129.419
433.798 129.419 408.221 226.644
371.774 137.672 408.221 226.644
408.221 226.644 433.798 129.419
433.798 129.419 371.774 137.672
440.29 80.957 397.31 86.4711
397.31 86.4711 433.798 129.419
433.798 129.419 440.29 80.957
397.31 86.4711 371.774 137.672
371.774 137.672 433.798 129.419
433.798 129.419 397.31 86.4711
115.576 299.03 153.369 329.671
153.369 329.671 144.612 309.581
144.612 309.581 115.576 299.03
274.026 489 262.808 453.588
262.808 453.588 202.809 542.174
202.809 542.174 274.026 489
262.808 453.588 206.31 417.201
206.31 417.201 202.809 542.174
202.809 542.174 262.808 453.588
142.436 547.81 241.548 569.734
241.548 569.734 202.809 542.174
202.809 542.174 142.436 547.81
241.548 569.734 274.026 489
274.026 489 202.809 542.174
202.809 542.174 241.548 569.734
343.627 88.951 215.578 54.2418
215.578 54.2418 316.209 156.922
316.209 156.922 343.627 88.951
371.774 137.672 343.627 88.951
343.627 88.951 316.209 156.922
316.209 156.922 371.774 137.672
593.982 203.909 663.931 142.693
663.931 142.693 527.509 143.226
527.509 143.226 593.982 203.909
515.594 207.193 593.982 203.909
593.982 203.909 527.509 143.226
527.509 143.226 515.594 207.193
508.338 56.0549 440.29 80.957
440.29 80.957 527.509 143.226
527.509 143.226 508.338 56.0549
440.29 80.957 433.798 129.419
433.798 129.419 527.509 143.226
527.509 143.226 440.29 80.957
469.877 207.265 515.594 207.193
515.594 207.193 527.509 143.226
527.509 143.226 469.877 207.265
433.798 129.419 469.877 207.265
469.877 207.265 527.509 143.226
527.509 143.226 433.798 129.419
221.275 304.135 216.432 285.356
216.432 285.356 155.331 323.523
155.331 323.523 221.275 304.135
153.369 329.671 221.275 304.135
221.275 304.135 155.331 323.523
155.331 323.523 153.369 329.671
144.612 309.581 153.369 329.671
153.369 329.671 155.331 323.523
155.331 323.523 144.612 309.581
115.172 112.339 132.934 211.235
132.934 211.235 199.271 187.09
199.271 187.09 115.172 112.339
178.556 235.51 225.93 224.562
225.93 224.562 199.271 187.09
199.271 187.09 178.556 235.51
132.934 211.235 178.556 235.51
178.556 235.51 199.271 187.09
199.271 187.09 132.934 211.235
215.578 54.2418 115.172 112.339
115.172 112.339 199.271 187.09
199.271 187.09 215.578 54.2418
316.209 156.922 215.578 54.2418
215.578 54.2418 199.271 187.09
199.271 187.09 316.209 156.922
668.022 135.108 686.286 52.164
686.286 52.164 650.596 30.6557
650.596 30.6557 668.022 135.108
30.2204 10.2692 152.896 34.5394
152.896 34.5394 334.223 32.5234
334.223 32.5234 30.2204 10.2692
487.846 1.83767 30.2204 10.2692
30.2204 10.2692 334.223 32.5234
334.223 32.5234 487.846 1.83767
343.627 88.951 397.31 86.4711
397.31 86.4711 334.223 32.5234
334.223 32.5234 343.627 88.951
215.578 54.2418 343.627 88.951
343.627 88.951 334.223 32.5234
334.223 32.5234 215.578 54.2418
152.896 34.5394 215.578 54.2418
215.578 54.2418 334.223 32.5234
334.223 32.5234 152.896 34.5394
461.845 227.411 408.221 226.644
408.221 226.644 367.433 277.987
367.433 277.987 461.845 227.411
339.325 317.086 482.565 410.59
482.565 410.59 367.433 277.987
367.433 277.987 339.325 317.086
482.565 410.59 488.853 237.151
488.853 237.151 367.433 277.987
367.433 277.987 482.565 410.59
488.853 237.151 461.845 227.411
461.845 227.411 367.433 277.987
367.433 277.987 488.853 237.151
289.931 206.507 339.325 317.086
339.325 317.086 367.433 277.987
367.433 277.987 289.931 206.507
440.29 80.957 508.338 56.0549
508.338 56.0549 432.547 32.8871
432.547 32.8871 440.29 80.957
508.338 56.0549 487.846 1.83767
487.846 1.83767 432.547 32.8871
432.547 32.8871 508.338 56.0549
397.31 86.4711 440.29 80.957
440.29 80.957 432.547 32.8871
432.547 32.8871 397.31 86.4711
334.223 32.5234 397.31 86.4711
397.31 86.4711 432.547 32.8871
432.547 32.8871 334.223 32.5234
487.846 1.83767 334.223 32.5234
334.223 32.5234 432.547 32.8871
432.547 32.8871 487.846 1.83767
42.1319 544.513 110.544 521.235
110.544 521.235 107.456 485.505
107.456 485.505 42.1319 544.513
68.9693 307.579 42.1319 544.513
42.1319 544.513 107.456 485.505
107.456 485.505 68.9693 307.579
153.369 329.671 68.9693 307.579
68.9693 307.579 107.456 485.505
107.456 485.505 153.369 329.671
206.31 417.201 153.369 329.671
153.369 329.671 107.456 485.505
107.456 485.505 206.31 417.201
110.544 521.235 142.436 547.81
142.436 547.81 107.456 485.505
107.456 485.505 110.544 521.235
142.436 547.81 202.809 542.174
202.809 542.174 107.456 485.505
107.456 485.505 142.436 547.81
202.809 542.174 206.31 417.201
206.31 417.201 107.456 485.505
107.456 485.505 202.809 542.174
663.931 142.693 668.022 135.108
668.022 135.108 579.459 43.9338
579.459 43.9338 663.931 142.693
527.509 143.226 663.931 142.693
663.931 142.693 579.459 43.9338
579.459 43.9338 527.509 143.226
487.846 1.83767 508.338 56.0549
508.338 56.0549 579.459 43.9338
579.459 43.9338 487.846 1.83767
650.596 30.6557 487.846 1.83767
487.846 1.83767 579.459 43.9338
579.459 43.9338 650.596 30.6557
508.338 56.0549 527.509 143.226
527.509 143.226 579.459 43.9338
579.459 43.9338 508.338 56.0549
668.022 135.108 650.596 30.6557
650.596 30.6557 579.459 43.9338
579.459 43.9338 668.022 135.108
216.432 285.356 225.93 224.562
225.93 224.562 186.593 266.441
186.593 266.441 216.432 285.356
225.93 224.562 178.556 235.51
178.556 235.51 186.593 266.441
186.593 266.441 225.93 224.562
178.556 235.51 115.576 299.03
115.576 299.03 186.593 266.441
186.593 266.441 178.556 235.51
115.576 299.03 144.612 309.581
144.612 309.581 186.593 266.441
186.593 266.441 115.576 299.03
144.612 309.581 155.331 323.523
155.331 323.523 186.593 266.441
186.593 266.441 144.612 309.581
155.331 323.523 216.432 285.356
216.432 285.356 186.593 266.441
186.593 266.441 155.331 323.523
408.221 226.644 371.774 137.672
371.774 137.672 366.708 223.009
366.708 223.009 408.221 226.644
371.774 137.672 316.209 156.922
316.209 156.922 366.708 223.009
366.708 223.009 371.774 137.672
289.931 206.507 367.433 277.987
367.433 277.987 366.708 223.009
366.708 223.009 289.931 206.507
367.433 277.987 408.221 226.644
408.221 226.644 366.708 223.009
366.708 223.009 367.433 277.987
749.147 203.266 755.697 454.505
755.697 454.505 799.968 103.542
799.968 103.542 749.147 203.266
770.069 93.2308 749.147 203.266
749.147 203.266 799.968 103.542
799.968 103.542 770.069 93.2308
686.286 52.164 770.069 93.2308
770.069 93.2308 799.968 103.542
799.968 103.542 686.286 52.164
650.596 30.6557 686.286 52.164
686.286 52.164 799.968 103.542
799.968 103.542 650.596 30.6557
36.8345 76.4399 30.2204 10.2692
30.2204 10.2692 9.37734 31.6434
9.37734 31.6434 36.8345 76.4399
42.1319 544.513 68.9693 307.579
68.9693 307.579 9.37734 31.6434
9.37734 31.6434 42.1319 544.513
68.9693 307.579 48.4608 111.904
48.4608 111.904 9.37734 31.6434
9.37734 31.6434 68.9693 307.579
48.4608 111.904 36.8345 76.4399
36.8345 76.4399 9.37734 31.6434
9.37734 31.6434 48.4608 111.904
225.93 224.562 289.931 206.507
289.931 206.507 295.378 192.588
295.378 192.588 225.93 224.562
199.271 187.09 225.93 224.562
225.93 224.562 295.378 192.588
295.378 192.588 199.271 187.09
316.209 156.922 199.271 187.09
199.271 187.09 295.378 192.588
295.378 192.588 316.209 156.922
289.931 206.507 366.708 223.009
366.708 223.009 295.378 192.588
295.378 192.588 289.931 206.507
366.708 223.009 316.209 156.922
316.209 156.922 295.378 192.588
295.378 192.588 366.708 223.009
