397.31 86.4711
216.432 285.356
225.93 224.562
508.338 56.0549
115.576 299.03
408.221 226.644
755.697 454.505
110.544 521.235
42.1319 544.513
614.425 247.031
641.424 480.209
48.4608 111.904
253.054 403.718
482.565 410.59
593.982 203.909
339.325 317.086
115.172 112.339
387.904 499.454
262.808 453.588
668.022 135.108
53.9064 114.642
30.2204 10.2692
749.147 203.266
565.858 548.164
68.9693 307.579
563.649 360.377
257.012 399.504
221.275 304.135
178.556 235.51
542.496 421.076
132.934 211.235
702.984 420.909
213.425 403.928
484.43 521.78
142.436 547.81
670.15 333.067
770.069 93.2308
461.845 227.411
686.286 52.164
717.105 182.422
153.369 329.671
274.026 489
488.853 237.151
469.877 207.265
343.627 88.951
663.931 142.693
492.126 518.99
152.896 34.5394
531.943 259.774
215.578 54.2418
224.271 292.123
440.29 80.957
697.189 549.852
515.594 207.193
36.8345 76.4399
289.931 206.507
576.499 459.001
487.846 1.83767
206.31 417.201
371.774 137.672
241.548 569.734
611.581 319.657
433.798 129.419
144.612 309.581
202.809 542.174
316.209 156.922
527.509 143.226
155.331 323.523
199.271 187.09
650.596 30.6557
334.223 32.5234
367.433 277.987
432.547 32.8871
107.456 485.505
579.459 43.9338
186.593 266.441
366.708 223.009
799.968 103.542
9.37734 31.6434
295.378 192.588
