326.005 369.663
634.921 246.096
1.04518 494.078
498.947 595.681
64.9165 158.176
286.714 293.858
540.024 85.8238
373.007 350.76
332.767 260.175
511.787 88.2592
535.088 405.165
249.865 285.681
286.456 265.346
455.463 88.242
522.643 465.244
79.77 217.159
193.343 248.306
615.968 185.543
514.758 470.352
182.379 176.878
267.27 440.281
231.908 502.31
670.326 517.403
719.747 220.676
452.927 163.324
314.504 334.595
489.878 528.798
662.97 149.53
206.831 397.824
422.539 291.796
656.973 180.592
238.057 452.786
465.916 529.318
61.7405 472.675
32.3826 499.57
440.562 596.238
529.86 250.088
110.504 495.896
267.251 14.9349
692.356 219.236
