286.714 293.858 332.767 260.175 286.456 265.346
249.865 285.681 286.714 293.858 286.456 265.346
64.9165 158.176 1.04518 494.078 79.77 217.159
249.865 285.681 286.456 265.346 193.343 248.306
535.088 405.165 373.007 350.76 514.758 470.352
522.643 465.244 535.088 405.165 514.758 470.352
286.456 265.346 332.767 260.175 182.379 176.878
193.343 248.306 286.456 265.346 182.379 176.878
64.9165 158.176 79.77 217.159 182.379 176.878
79.77 217.159 193.343 248.306 182.379 176.878
634.921 246.096 535.088 405.165 670.326 517.403
535.088 405.165 522.643 465.244 670.326 517.403
634.921 246.096 670.326 517.403 719.747 220.676
540.024 85.8238 511.787 88.2592 452.927 163.324
511.787 88.2592 455.463 88.242 452.927 163.324
326.005 369.663 373.007 350.76 314.504 334.595
373.007 350.76 332.767 260.175 314.504 334.595
332.767 260.175 286.714 293.858 314.504 334.595
286.714 293.858 249.865 285.681 314.504 334.595
522.643 465.244 514.758 470.352 489.878 528.798
498.947 595.681 670.326 517.403 489.878 528.798
670.326 517.403 522.643 465.244 489.878 528.798
540.024 85.8238 615.968 185.543 662.97 149.53
193.343 248.306 79.77 217.159 206.831 397.824
249.865 285.681 193.343 248.306 206.831 397.824
314.504 334.595 249.865 285.681 206.831 397.824
267.27 440.281 326.005 369.663 206.831 397.824
326.005 369.663 314.504 334.595 206.831 397.824
373.007 350.76 535.088 405.165 422.539 291.796
332.767 260.175 373.007 350.76 422.539 291.796
452.927 163.324 332.767 260.175 422.539 291.796
615.968 185.543 634.921 246.096 656.973 180.592
662.97 149.53 615.968 185.543 656.973 180.592
231.908 502.31 267.27 440.281 238.057 452.786
267.27 440.281 206.831 397.824 238.057 452.786
373.007 350.76 326.005 369.663 465.916 529.318
514.758 470.352 373.007 350.76 465.916 529.318
489.878 528.798 514.758 470.352 465.916 529.318
326.005 369.663 267.27 440.281 465.916 529.318
498.947 595.681 489.878 528.798 465.916 529.318
79.77 217.159 1.04518 494.078 61.7405 472.675
206.831 397.824 79.77 217.159 61.7405 472.675
61.7405 472.675 1.04518 494.078 32.3826 499.57
267.27 440.281 231.908 502.31 440.562 596.238
465.916 529.318 267.27 440.281 440.562 596.238
498.947 595.681 465.916 529.318 440.562 596.238
32.3826 499.57 1.04518 494.078 440.562 596.238
634.921 246.096 615.968 185.543 529.86 250.088
615.968 185.543 540.024 85.8238 529.86 250.088
540.024 85.8238 452.927 163.324 529.86 250.088
535.088 405.165 634.921 246.096 529.86 250.088
422.539 291.796 535.088 405.165 529.86 250.088
452.927 163.324 422.539 291.796 529.86 250.088
231.908 502.31 238.057 452.786 110.504 495.896
238.057 452.786 206.831 397.824 110.504 495.896
206.831 397.824 61.7405 472.675 110.504 495.896
61.7405 472.675 32.3826 499.57 110.504 495.896
32.3826 499.57 440.562 596.238 110.504 495.896
440.562 596.238 231.908 502.31 110.504 495.896
511.787 88.2592 540.024 85.8238 267.251 14.9349
455.463 88.242 511.787 88.2592 267.251 14.9349
182.379 176.878 332.767 260.175 267.251 14.9349
64.9165 158.176 182.379 176.878 267.251 14.9349
332.767 260.175 452.927 163.324 267.251 14.9349
452.927 163.324 455.463 88.242 267.251 14.9349
634.921 246.096 719.747 220.676 692.356 219.236
656.973 180.592 634.921 246.096 692.356 219.236
719.747 220.676 662.97 149.53 692.356 219.236
662.97 149.53 656.973 180.592 692.356 219.236
