223.971 52.9084
464.818 324.692
133.818 7.34174
588.947 157.836
159.966 442.578
305.619 334.385
711.388 253.229
340.426 183.384
143.211 401.08
115.699 35.3324
402.425 359.568
677.779 249.363
563 474.273
652.774 119.997
335.717 91.3989
351.883 156.808
480.701 121.061
38.3244 309.464
170.611 484.687
343.568 145.394
47.1561 51.3615
603.947 225.096
41.1366 210.027
415.972 272.8
467.444 85.5717
606.39 541.466
770.065 177.892
585.353 154.178
130.07 82.0697
168.587 111.475
244.089 487.79
229.333 542.783
210.931 115.226
87.543 447.824
351.767 173.964
72.9158 471.549
281.467 364.64
412.227 548.998
533.886 331.29
143.199 118.69
42.6934 212.347
632.798 320.205
590.1 18.5112
110.054 532.982
146.154 580.341
690.799 502.513
86.5528 509.456
134.718 98.3928
335.914 522.352
782.526 360.311
79.7626 403.857
688.474 172.114
100.9 245.821
213.972 482.897
360.015 78.6996
55.8838 402.666
309.114 109.804
522.358 242.577
743.775 356.316
320.508 567.187
312.027 407.269
591.433 136.011
414.61 233.032
755.61 421.344
392.354 480.693
678.119 186.244
494.139 52.8092
172.576 76.7404
402.765 70.1507
102.504 372.515
