464.818 324.692 402.425 359.568 563 474.273
340.426 183.384 351.883 156.808 343.568 145.394
115.699 35.3324 133.818 7.34174 47.1561 51.3615
402.425 359.568 464.818 324.692 415.972 272.8
340.426 183.384 305.619 334.385 415.972 272.8
305.619 334.385 402.425 359.568 415.972 272.8
115.699 35.3324 47.1561 51.3615 130.07 82.0697
305.619 334.385 340.426 183.384 210.931 115.226
159.966 442.578 143.211 401.08 87.543 447.824
170.611 484.687 159.966 442.578 87.543 447.824
351.883 156.808 340.426 183.384 351.767 173.964
143.211 401.08 159.966 442.578 281.467 364.64
606.39 541.466 563 474.273 412.227 548.998
464.818 324.692 563 474.273 533.886 331.29
41.1366 210.027 38.3244 309.464 42.6934 212.347
143.199 118.69 41.1366 210.027 42.6934 212.347
711.388 253.229 677.779 249.363 632.798 320.205
533.886 331.29 563 474.273 632.798 320.205
677.779 249.363 603.947 225.096 632.798 320.205
603.947 225.096 533.886 331.29 632.798 320.205
652.774 119.997 770.065 177.892 590.1 18.5112
229.333 542.783 170.611 484.687 146.154 580.341
170.611 484.687 110.054 532.982 146.154 580.341
563 474.273 606.39 541.466 690.799 502.513
632.798 320.205 563 474.273 690.799 502.513
170.611 484.687 87.543 447.824 86.5528 509.456
110.054 532.982 170.611 484.687 86.5528 509.456
87.543 447.824 72.9158 471.549 86.5528 509.456
146.154 580.341 110.054 532.982 86.5528 509.456
47.1561 51.3615 41.1366 210.027 134.718 98.3928
41.1366 210.027 143.199 118.69 134.718 98.3928
130.07 82.0697 47.1561 51.3615 134.718 98.3928
143.199 118.69 168.587 111.475 134.718 98.3928
244.089 487.79 229.333 542.783 335.914 522.352
770.065 177.892 711.388 253.229 782.526 360.311
87.543 447.824 143.211 401.08 79.7626 403.857
711.388 253.229 770.065 177.892 688.474 172.114
770.065 177.892 652.774 119.997 688.474 172.114
210.931 115.226 168.587 111.475 100.9 245.821
168.587 111.475 143.199 118.69 100.9 245.821
305.619 334.385 210.931 115.226 100.9 245.821
281.467 364.64 305.619 334.385 100.9 245.821
42.6934 212.347 38.3244 309.464 100.9 245.821
143.211 401.08 281.467 364.64 100.9 245.821
143.199 118.69 42.6934 212.347 100.9 245.821
159.966 442.578 170.611 484.687 213.972 482.897
170.611 484.687 229.333 542.783 213.972 482.897
229.333 542.783 244.089 487.79 213.972 482.897
244.089 487.79 281.467 364.64 213.972 482.897
281.467 364.64 159.966 442.578 213.972 482.897
335.717 91.3989 343.568 145.394 360.015 78.6996
343.568 145.394 351.883 156.808 360.015 78.6996
223.971 52.9084 335.717 91.3989 360.015 78.6996
72.9158 471.549 87.543 447.824 55.8838 402.666
87.543 447.824 79.7626 403.857 55.8838 402.666
335.717 91.3989 223.971 52.9084 309.114 109.804
223.971 52.9084 210.931 115.226 309.114 109.804
343.568 145.394 335.717 91.3989 309.114 109.804
340.426 183.384 343.568 145.394 309.114 109.804
210.931 115.226 340.426 183.384 309.114 109.804
415.972 272.8 464.818 324.692 522.358 242.577
585.353 154.178 480.701 121.061 522.358 242.577
603.947 225.096 588.947 157.836 522.358 242.577
588.947 157.836 585.353 154.178 522.358 242.577
464.818 324.692 533.886 331.29 522.358 242.577
533.886 331.29 603.947 225.096 522.358 242.577
711.388 253.229 632.798 320.205 743.775 356.316
782.526 360.311 711.388 253.229 743.775 356.316
606.39 541.466 412.227 548.998 320.508 567.187
229.333 542.783 146.154 580.341 320.508 567.187
412.227 548.998 335.914 522.352 320.508 567.187
335.914 522.352 229.333 542.783 320.508 567.187
402.425 359.568 305.619 334.385 312.027 407.269
305.619 334.385 281.467 364.64 312.027 407.269
281.467 364.64 244.089 487.79 312.027 407.269
244.089 487.79 335.914 522.352 312.027 407.269
588.947 157.836 652.774 119.997 591.433 136.011
585.353 154.178 588.947 157.836 591.433 136.011
652.774 119.997 590.1 18.5112 591.433 136.011
480.701 121.061 585.353 154.178 591.433 136.011
340.426 183.384 415.972 272.8 414.61 233.032
351.767 173.964 340.426 183.384 414.61 233.032
480.701 121.061 351.883 156.808 414.61 233.032
351.883 156.808 351.767 173.964 414.61 233.032
415.972 272.8 522.358 242.577 414.61 233.032
522.358 242.577 480.701 121.061 414.61 233.032
632.798 320.205 690.799 502.513 755.61 421.344
743.775 356.316 632.798 320.205 755.61 421.344
782.526 360.311 743.775 356.316 755.61 421.344
563 474.273 402.425 359.568 392.354 480.693
412.227 548.998 563 474.273 392.354 480.693
335.914 522.352 412.227 548.998 392.354 480.693
402.425 359.568 312.027 407.269 392.354 480.693
312.027 407.269 335.914 522.352 392.354 480.693
603.947 225.096 677.779 249.363 678.119 186.244
652.774 119.997 588.947 157.836 678.119 186.244
688.474 172.114 652.774 119.997 678.119 186.244
588.947 157.836 603.947 225.096 678.119 186.244
677.779 249.363 711.388 253.229 678.119 186.244
711.388 253.229 688.474 172.114 678.119 186.244
467.444 85.5717 480.701 121.061 494.139 52.8092
590.1 18.5112 133.818 7.34174 494.139 52.8092
480.701 121.061 591.433 136.011 494.139 52.8092
591.433 136.011 590.1 18.5112 494.139 52.8092
223.971 52.9084 133.818 7.34174 172.576 76.7404
133.818 7.34174 115.699 35.3324 172.576 76.7404
115.699 35.3324 130.07 82.0697 172.576 76.7404
168.587 111.475 210.931 115.226 172.576 76.7404
210.931 115.226 223.971 52.9084 172.576 76.7404
130.07 82.0697 134.718 98.3928 172.576 76.7404
134.718 98.3928 168.587 111.475 172.576 76.7404
351.883 156.808 480.701 121.061 402.765 70.1507
480.701 121.061 467.444 85.5717 402.765 70.1507
360.015 78.6996 351.883 156.808 402.765 70.1507
133.818 7.34174 223.971 52.9084 402.765 70.1507
494.139 52.8092 133.818 7.34174 402.765 70.1507
223.971 52.9084 360.015 78.6996 402.765 70.1507
467.444 85.5717 494.139 52.8092 402.765 70.1507
79.7626 403.857 143.211 401.08 102.504 372.515
143.211 401.08 100.9 245.821 102.504 372.515
100.9 245.821 38.3244 309.464 102.504 372.515
38.3244 309.464 55.8838 402.666 102.504 372.515
55.8838 402.666 79.7626 403.857 102.504 372.515
