476.723 98.2547 483.583 73.7262
483.583 73.7262 417.057 22.7632
417.057 22.7632 476.723 98.2547
426.838 168.078 511.821 222.922
511.821 222.922 490.946 185.573
490.946 185.573 426.838 168.078
565.784 321.611 494.132 412.191
494.132 412.191 581.021 334.525
581.021 334.525 565.784 321.611
607.594 246.014 565.784 321.611
565.784 321.611 581.021 334.525
581.021 334.525 607.594 246.014
472.058 564.862 325.722 598.241
325.722 598.241 585.151 552.952
585.151 552.952 472.058 564.862
593.816 15.2096 677.604 79.2988
677.604 79.2988 707.041 30.06
707.041 30.06 593.816 15.2096
472.058 564.862 585.151 552.952
585.151 552.952 532.753 501.146
532.753 501.146 472.058 564.862
140.046 73.3381 164.765 14.5443
164.765 14.5443 20.8572 106.39
20.8572 106.39 140.046 73.3381
151.683 476.337 147.086 565.376
147.086 565.376 187.259 490.573
187.259 490.573 151.683 476.337
273.344 13.9227 252.889 73.5009
252.889 73.5009 291.037 69.7033
291.037 69.7033 273.344 13.9227
581.021 334.525 494.132 412.191
494.132 412.191 543.277 459.213
543.277 459.213 581.021 334.525
273.344 13.9227 291.037 69.7033
291.037 69.7033 286.128 16.6323
286.128 16.6323 273.344 13.9227
20.8572 106.39 164.765 14.5443
164.765 14.5443 172.116 9.56157
172.116 9.56157 20.8572 106.39
410.018 13.9074 417.057 22.7632
417.057 22.7632 477.429 44.3533
477.429 44.3533 410.018 13.9074
417.057 22.7632 483.583 73.7262
483.583 73.7262 477.429 44.3533
477.429 44.3533 417.057 22.7632
483.583 73.7262 495.733 51.5556
495.733 51.5556 477.429 44.3533
477.429 44.3533 483.583 73.7262
147.086 565.376 151.683 476.337
151.683 476.337 76.5335 494.792
76.5335 494.792 147.086 565.376
164.765 14.5443 140.046 73.3381
140.046 73.3381 157.663 65.5728
157.663 65.5728 164.765 14.5443
252.889 73.5009 273.344 13.9227
273.344 13.9227 212.947 5.47593
212.947 5.47593 252.889 73.5009
476.723 98.2547 417.057 22.7632
417.057 22.7632 429.37 150.734
429.37 150.734 476.723 98.2547
426.838 168.078 490.946 185.573
490.946 185.573 429.37 150.734
429.37 150.734 426.838 168.078
490.946 185.573 476.723 98.2547
476.723 98.2547 429.37 150.734
429.37 150.734 490.946 185.573
670.499 491.267 640.868 423.834
640.868 423.834 630.053 521.924
630.053 521.924 670.499 491.267
426.838 168.078 429.37 150.734
429.37 150.734 309.694 189.603
309.694 189.603 426.838 168.078
429.37 150.734 291.037 69.7033
291.037 69.7033 309.694 189.603
309.694 189.603 429.37 150.734
511.821 222.922 426.838 168.078
426.838 168.078 345.447 326.728
345.447 326.728 511.821 222.922
426.838 168.078 309.694 189.603
309.694 189.603 345.447 326.728
345.447 326.728 426.838 168.078
250.295 323.869 276.762 361.026
276.762 361.026 345.447 326.728
345.447 326.728 250.295 323.869
309.694 189.603 250.295 323.869
250.295 323.869 345.447 326.728
345.447 326.728 309.694 189.603
140.046 73.3381 20.8572 106.39
20.8572 106.39 89.2669 152.585
89.2669 152.585 140.046 73.3381
581.021 334.525 543.277 459.213
543.277 459.213 638.595 379.215
638.595 379.215 581.021 334.525
543.277 459.213 640.868 423.834
640.868 423.834 638.595 379.215
638.595 379.215 543.277 459.213
739.058 354.888 696.219 308.151
696.219 308.151 638.595 379.215
638.595 379.215 739.058 354.888
696.219 308.151 581.021 334.525
581.021 334.525 638.595 379.215
638.595 379.215 696.219 308.151
640.868 423.834 691.723 444.171
691.723 444.171 638.595 379.215
638.595 379.215 640.868 423.834
691.723 444.171 739.058 354.888
739.058 354.888 638.595 379.215
638.595 379.215 691.723 444.171
472.058 564.862 532.753 501.146
532.753 501.146 464.695 520.097
464.695 520.097 472.058 564.862
511.821 222.922 607.594 246.014
607.594 246.014 643.407 141.08
643.407 141.08 511.821 222.922
607.594 246.014 673.227 202.585
673.227 202.585 643.407 141.08
643.407 141.08 607.594 246.014
673.227 202.585 701.971 192.22
701.971 192.22 672.628 141.093
672.628 141.093 673.227 202.585
643.407 141.08 673.227 202.585
673.227 202.585 672.628 141.093
672.628 141.093 643.407 141.08
677.604 79.2988 643.407 141.08
643.407 141.08 672.628 141.093
672.628 141.093 677.604 79.2988
643.407 141.08 677.604 79.2988
677.604 79.2988 592.431 100.043
592.431 100.043 643.407 141.08
490.946 185.573 511.821 222.922
511.821 222.922 592.431 100.043
592.431 100.043 490.946 185.573
511.821 222.922 643.407 141.08
643.407 141.08 592.431 100.043
592.431 100.043 511.821 222.922
149.882 591.925 325.722 598.241
325.722 598.241 290.717 517.914
290.717 517.914 149.882 591.925
147.086 565.376 149.882 591.925
149.882 591.925 290.717 517.914
290.717 517.914 147.086 565.376
187.259 490.573 147.086 565.376
147.086 565.376 290.717 517.914
290.717 517.914 187.259 490.573
701.971 192.22 789.873 194.341
789.873 194.341 742.426 109.65
742.426 109.65 701.971 192.22
672.628 141.093 701.971 192.22
701.971 192.22 742.426 109.65
742.426 109.65 672.628 141.093
677.604 79.2988 672.628 141.093
672.628 141.093 742.426 109.65
742.426 109.65 677.604 79.2988
73.0777 286.108 90.2893 311.436
90.2893 311.436 90.8265 255.627
90.8265 255.627 73.0777 286.108
57.1378 272.431 73.0777 286.108
73.0777 286.108 90.8265 255.627
90.8265 255.627 57.1378 272.431
789.873 194.341 756.664 249.904
756.664 249.904 785.474 314.974
785.474 314.974 789.873 194.341
696.219 308.151 739.058 354.888
739.058 354.888 785.474 314.974
785.474 314.974 696.219 308.151
756.664 249.904 696.219 308.151
696.219 308.151 785.474 314.974
785.474 314.974 756.664 249.904
170.341 281.685 250.295 323.869
250.295 323.869 209.28 225.092
209.28 225.092 170.341 281.685
250.295 323.869 309.694 189.603
309.694 189.603 209.28 225.092
209.28 225.092 250.295 323.869
286.128 16.6323 291.037 69.7033
291.037 69.7033 311.404 34.8747
311.404 34.8747 286.128 16.6323
291.037 69.7033 429.37 150.734
429.37 150.734 311.404 34.8747
311.404 34.8747 291.037 69.7033
429.37 150.734 417.057 22.7632
417.057 22.7632 311.404 34.8747
311.404 34.8747 429.37 150.734
739.058 354.888 691.723 444.171
691.723 444.171 791.147 423.657
791.147 423.657 739.058 354.888
691.723 444.171 774.369 526.897
774.369 526.897 791.147 423.657
791.147 423.657 691.723 444.171
789.873 194.341 785.474 314.974
785.474 314.974 791.147 423.657
791.147 423.657 789.873 194.341
785.474 314.974 739.058 354.888
739.058 354.888 791.147 423.657
791.147 423.657 785.474 314.974
273.344 13.9227 286.128 16.6323
286.128 16.6323 353.354 6.31235
353.354 6.31235 273.344 13.9227
212.947 5.47593 273.344 13.9227
273.344 13.9227 353.354 6.31235
353.354 6.31235 212.947 5.47593
410.018 13.9074 593.816 15.2096
593.816 15.2096 353.354 6.31235
353.354 6.31235 410.018 13.9074
417.057 22.7632 410.018 13.9074
410.018 13.9074 353.354 6.31235
353.354 6.31235 417.057 22.7632
311.404 34.8747 417.057 22.7632
417.057 22.7632 353.354 6.31235
353.354 6.31235 311.404 34.8747
286.128 16.6323 311.404 34.8747
311.404 34.8747 353.354 6.31235
353.354 6.31235 286.128 16.6323
630.053 521.924 585.151 552.952
585.151 552.952 705.564 533.295
705.564 533.295 630.053 521.924
670.499 491.267 630.053 521.924
630.053 521.924 705.564 533.295
705.564 533.295 670.499 491.267
290.717 517.914 325.722 598.241
325.722 598.241 337.936 528.463
337.936 528.463 290.717 517.914
593.816 15.2096 410.018 13.9074
410.018 13.9074 571.428 24.8936
571.428 24.8936 593.816 15.2096
410.018 13.9074 477.429 44.3533
477.429 44.3533 571.428 24.8936
571.428 24.8936 410.018 13.9074
477.429 44.3533 495.733 51.5556
495.733 51.5556 571.428 24.8936
571.428 24.8936 477.429 44.3533
495.733 51.5556 526.36 58.7916
526.36 58.7916 571.428 24.8936
571.428 24.8936 495.733 51.5556
274.786 444.457 290.717 517.914
290.717 517.914 317.921 486.599
317.921 486.599 274.786 444.457
290.717 517.914 337.936 528.463
337.936 528.463 317.921 486.599
317.921 486.599 290.717 517.914
532.753 501.146 585.151 552.952
585.151 552.952 555.63 500.852
555.63 500.852 532.753 501.146
585.151 552.952 630.053 521.924
630.053 521.924 555.63 500.852
555.63 500.852 585.151 552.952
89.2669 152.585 20.8572 106.39
20.8572 106.39 12.8564 177.996
12.8564 177.996 89.2669 152.585
57.1378 272.431 90.8265 255.627
90.8265 255.627 12.8564 177.996
12.8564 177.996 57.1378 272.431
90.8265 255.627 89.2669 152.585
89.2669 152.585 12.8564 177.996
12.8564 177.996 90.8265 255.627
565.784 321.611 607.594 246.014
607.594 246.014 535.371 261.618
535.371 261.618 565.784 321.611
607.594 246.014 511.821 222.922
511.821 222.922 535.371 261.618
535.371 261.618 607.594 246.014
707.041 30.06 751.533 78.6835
751.533 78.6835 765.29 92.9223
765.29 92.9223 707.041 30.06
751.533 78.6835 742.426 109.65
742.426 109.65 765.29 92.9223
765.29 92.9223 751.533 78.6835
742.426 109.65 789.873 194.341
789.873 194.341 765.29 92.9223
765.29 92.9223 742.426 109.65
76.5335 494.792 151.683 476.337
151.683 476.337 42.2632 390.533
42.2632 390.533 76.5335 494.792
5.83758 484.511 32.2625 499.322
32.2625 499.322 42.2632 390.533
42.2632 390.533 5.83758 484.511
32.2625 499.322 76.5335 494.792
76.5335 494.792 42.2632 390.533
42.2632 390.533 32.2625 499.322
90.2893 311.436 73.0777 286.108
73.0777 286.108 42.2632 390.533
42.2632 390.533 90.2893 311.436
73.0777 286.108 57.1378 272.431
57.1378 272.431 42.2632 390.533
42.2632 390.533 73.0777 286.108
57.1378 272.431 12.8564 177.996
12.8564 177.996 42.2632 390.533
42.2632 390.533 57.1378 272.431
12.8564 177.996 5.83758 484.511
5.83758 484.511 42.2632 390.533
42.2632 390.533 12.8564 177.996
32.2625 499.322 5.83758 484.511
5.83758 484.511 5.37686 528.525
5.37686 528.525 32.2625 499.322
149.882 591.925 147.086 565.376
147.086 565.376 5.37686 528.525
5.37686 528.525 149.882 591.925
147.086 565.376 76.5335 494.792
76.5335 494.792 5.37686 528.525
5.37686 528.525 147.086 565.376
76.5335 494.792 32.2625 499.322
32.2625 499.322 5.37686 528.525
5.37686 528.525 76.5335 494.792
532.753 501.146 543.277 459.213
543.277 459.213 465.848 440.78
465.848 440.78 532.753 501.146
543.277 459.213 494.132 412.191
494.132 412.191 465.848 440.78
465.848 440.78 543.277 459.213
464.695 520.097 532.753 501.146
532.753 501.146 465.848 440.78
465.848 440.78 464.695 520.097
291.037 69.7033 252.889 73.5009
252.889 73.5009 253.293 178.45
253.293 178.45 291.037 69.7033
309.694 189.603 291.037 69.7033
291.037 69.7033 253.293 178.45
253.293 178.45 309.694 189.603
209.28 225.092 309.694 189.603
309.694 189.603 253.293 178.45
253.293 178.45 209.28 225.092
215.769 205.585 209.28 225.092
209.28 225.092 253.293 178.45
253.293 178.45 215.769 205.585
361.716 475.649 337.936 528.463
337.936 528.463 405.062 494.797
405.062 494.797 361.716 475.649
464.695 520.097 465.848 440.78
465.848 440.78 405.062 494.797
405.062 494.797 464.695 520.097
465.848 440.78 361.716 475.649
361.716 475.649 405.062 494.797
405.062 494.797 465.848 440.78
151.683 476.337 187.259 490.573
187.259 490.573 200.745 467.357
200.745 467.357 151.683 476.337
274.786 444.457 220.657 437.147
220.657 437.147 200.745 467.357
200.745 467.357 274.786 444.457
187.259 490.573 290.717 517.914
290.717 517.914 200.745 467.357
200.745 467.357 187.259 490.573
290.717 517.914 274.786 444.457
274.786 444.457 200.745 467.357
200.745 467.357 290.717 517.914
494.132 412.191 565.784 321.611
565.784 321.611 528.979 293.475
528.979 293.475 494.132 412.191
565.784 321.611 535.371 261.618
535.371 261.618 528.979 293.475
528.979 293.475 565.784 321.611
535.371 261.618 511.821 222.922
511.821 222.922 528.979 293.475
528.979 293.475 535.371 261.618
607.594 246.014 581.021 334.525
581.021 334.525 637.722 260.307
637.722 260.307 607.594 246.014
581.021 334.525 696.219 308.151
696.219 308.151 637.722 260.307
637.722 260.307 581.021 334.525
673.227 202.585 607.594 246.014
607.594 246.014 637.722 260.307
637.722 260.307 673.227 202.585
640.868 423.834 543.277 459.213
543.277 459.213 556.562 490.408
556.562 490.408 640.868 423.834
630.053 521.924 640.868 423.834
640.868 423.834 556.562 490.408
556.562 490.408 630.053 521.924
555.63 500.852 630.053 521.924
630.053 521.924 556.562 490.408
556.562 490.408 555.63 500.852
543.277 459.213 532.753 501.146
532.753 501.146 556.562 490.408
556.562 490.408 543.277 459.213
532.753 501.146 555.63 500.852
555.63 500.852 556.562 490.408
556.562 490.408 532.753 501.146
640.868 423.834 670.499 491.267
670.499 491.267 680.145 456.714
680.145 456.714 640.868 423.834
691.723 444.171 640.868 423.834
640.868 423.834 680.145 456.714
680.145 456.714 691.723 444.171
670.499 491.267 705.564 533.295
705.564 533.295 680.145 456.714
680.145 456.714 670.499 491.267
705.564 533.295 691.723 444.171
691.723 444.171 680.145 456.714
680.145 456.714 705.564 533.295
172.116 9.56157 164.765 14.5443
164.765 14.5443 202.215 18.0803
202.215 18.0803 172.116 9.56157
164.765 14.5443 157.663 65.5728
157.663 65.5728 202.215 18.0803
202.215 18.0803 164.765 14.5443
212.947 5.47593 172.116 9.56157
172.116 9.56157 202.215 18.0803
202.215 18.0803 212.947 5.47593
157.663 65.5728 252.889 73.5009
252.889 73.5009 202.215 18.0803
202.215 18.0803 157.663 65.5728
252.889 73.5009 212.947 5.47593
212.947 5.47593 202.215 18.0803
202.215 18.0803 252.889 73.5009
170.341 281.685 90.2893 311.436
90.2893 311.436 181.794 408.831
181.794 408.831 170.341 281.685
90.2893 311.436 42.2632 390.533
42.2632 390.533 181.794 408.831
181.794 408.831 90.2893 311.436
42.2632 390.533 151.683 476.337
151.683 476.337 181.794 408.831
181.794 408.831 42.2632 390.533
151.683 476.337 200.745 467.357
200.745 467.357 181.794 408.831
181.794 408.831 151.683 476.337
200.745 467.357 220.657 437.147
220.657 437.147 181.794 408.831
181.794 408.831 200.745 467.357
701.971 192.22 673.227 202.585
673.227 202.585 679.725 215.96
679.725 215.96 701.971 192.22
673.227 202.585 637.722 260.307
637.722 260.307 679.725 215.96
679.725 215.96 673.227 202.585
637.722 260.307 696.219 308.151
696.219 308.151 679.725 215.96
679.725 215.96 637.722 260.307
707.041 30.06 677.604 79.2988
677.604 79.2988 720.907 69.6892
720.907 69.6892 707.041 30.06
751.533 78.6835 707.041 30.06
707.041 30.06 720.907 69.6892
720.907 69.6892 751.533 78.6835
677.604 79.2988 742.426 109.65
742.426 109.65 720.907 69.6892
720.907 69.6892 677.604 79.2988
742.426 109.65 751.533 78.6835
751.533 78.6835 720.907 69.6892
720.907 69.6892 742.426 109.65
361.716 475.649 274.786 444.457
274.786 444.457 328.468 481.288
328.468 481.288 361.716 475.649
274.786 444.457 317.921 486.599
317.921 486.599 328.468 481.288
328.468 481.288 274.786 444.457
337.936 528.463 361.716 475.649
361.716 475.649 328.468 481.288
328.468 481.288 337.936 528.463
317.921 486.599 337.936 528.463
337.936 528.463 328.468 481.288
328.468 481.288 317.921 486.599
274.786 444.457 276.762 361.026
276.762 361.026 206.983 402.349
206.983 402.349 274.786 444.457
220.657 437.147 274.786 444.457
274.786 444.457 206.983 402.349
206.983 402.349 220.657 437.147
276.762 361.026 250.295 323.869
250.295 323.869 206.983 402.349
206.983 402.349 276.762 361.026
181.794 408.831 220.657 437.147
220.657 437.147 206.983 402.349
206.983 402.349 181.794 408.831
250.295 323.869 170.341 281.685
170.341 281.685 206.983 402.349
206.983 402.349 250.295 323.869
170.341 281.685 181.794 408.831
181.794 408.831 206.983 402.349
206.983 402.349 170.341 281.685
276.762 361.026 274.786 444.457
274.786 444.457 402.276 365.738
402.276 365.738 276.762 361.026
274.786 444.457 361.716 475.649
361.716 475.649 402.276 365.738
402.276 365.738 274.786 444.457
345.447 326.728 276.762 361.026
276.762 361.026 402.276 365.738
402.276 365.738 345.447 326.728
465.848 440.78 494.132 412.191
494.132 412.191 402.276 365.738
402.276 365.738 465.848 440.78
361.716 475.649 465.848 440.78
465.848 440.78 402.276 365.738
402.276 365.738 361.716 475.649
511.821 222.922 345.447 326.728
345.447 326.728 402.276 365.738
402.276 365.738 511.821 222.922
528.979 293.475 511.821 222.922
511.821 222.922 402.276 365.738
402.276 365.738 528.979 293.475
494.132 412.191 528.979 293.475
528.979 293.475 402.276 365.738
402.276 365.738 494.132 412.191
585.151 552.952 325.722 598.241
325.722 598.241 754.837 533.367
754.837 533.367 585.151 552.952
705.564 533.295 585.151 552.952
585.151 552.952 754.837 533.367
754.837 533.367 705.564 533.295
774.369 526.897 691.723 444.171
691.723 444.171 754.837 533.367
754.837 533.367 774.369 526.897
691.723 444.171 705.564 533.295
705.564 533.295 754.837 533.367
754.837 533.367 691.723 444.171
325.722 598.241 472.058 564.862
472.058 564.862 454.332 554.877
454.332 554.877 325.722 598.241
337.936 528.463 325.722 598.241
325.722 598.241 454.332 554.877
454.332 554.877 337.936 528.463
472.058 564.862 464.695 520.097
464.695 520.097 454.332 554.877
454.332 554.877 472.058 564.862
464.695 520.097 405.062 494.797
405.062 494.797 454.332 554.877
454.332 554.877 464.695 520.097
405.062 494.797 337.936 528.463
337.936 528.463 454.332 554.877
454.332 554.877 405.062 494.797
90.2893 311.436 170.341 281.685
170.341 281.685 146.52 263.497
146.52 263.497 90.2893 311.436
90.8265 255.627 90.2893 311.436
90.2893 311.436 146.52 263.497
146.52 263.497 90.8265 255.627
89.2669 152.585 90.8265 255.627
90.8265 255.627 146.52 263.497
146.52 263.497 89.2669 152.585
170.341 281.685 209.28 225.092
209.28 225.092 146.52 263.497
146.52 263.497 170.341 281.685
157.663 65.5728 140.046 73.3381
140.046 73.3381 206.108 162.653
206.108 162.653 157.663 65.5728
140.046 73.3381 89.2669 152.585
89.2669 152.585 206.108 162.653
206.108 162.653 140.046 73.3381
252.889 73.5009 157.663 65.5728
157.663 65.5728 206.108 162.653
206.108 162.653 252.889 73.5009
253.293 178.45 252.889 73.5009
252.889 73.5009 206.108 162.653
206.108 162.653 253.293 178.45
215.769 205.585 253.293 178.45
253.293 178.45 206.108 162.653
206.108 162.653 215.769 205.585
209.28 225.092 215.769 205.585
215.769 205.585 206.108 162.653
206.108 162.653 209.28 225.092
146.52 263.497 209.28 225.092
209.28 225.092 206.108 162.653
206.108 162.653 146.52 263.497
89.2669 152.585 146.52 263.497
146.52 263.497 206.108 162.653
206.108 162.653 89.2669 152.585
677.604 79.2988 593.816 15.2096
593.816 15.2096 588.348 35.1127
588.348 35.1127 677.604 79.2988
592.431 100.043 677.604 79.2988
677.604 79.2988 588.348 35.1127
588.348 35.1127 592.431 100.043
593.816 15.2096 571.428 24.8936
571.428 24.8936 588.348 35.1127
588.348 35.1127 593.816 15.2096
526.36 58.7916 592.431 100.043
592.431 100.043 588.348 35.1127
588.348 35.1127 526.36 58.7916
571.428 24.8936 526.36 58.7916
526.36 58.7916 588.348 35.1127
588.348 35.1127 571.428 24.8936
476.723 98.2547 490.946 185.573
490.946 185.573 506.845 75.337
506.845 75.337 476.723 98.2547
490.946 185.573 592.431 100.043
592.431 100.043 506.845 75.337
506.845 75.337 490.946 185.573
483.583 73.7262 476.723 98.2547
476.723 98.2547 506.845 75.337
506.845 75.337 483.583 73.7262
592.431 100.043 526.36 58.7916
526.36 58.7916 506.845 75.337
506.845 75.337 592.431 100.043
495.733 51.5556 483.583 73.7262
483.583 73.7262 506.845 75.337
506.845 75.337 495.733 51.5556
526.36 58.7916 495.733 51.5556
495.733 51.5556 506.845 75.337
506.845 75.337 526.36 58.7916
789.873 194.341 701.971 192.22
701.971 192.22 726.758 221.656
726.758 221.656 789.873 194.341
756.664 249.904 789.873 194.341
789.873 194.341 726.758 221.656
726.758 221.656 756.664 249.904
701.971 192.22 679.725 215.96
679.725 215.96 726.758 221.656
726.758 221.656 701.971 192.22
696.219 308.151 756.664 249.904
756.664 249.904 726.758 221.656
726.758 221.656 696.219 308.151
679.725 215.96 696.219 308.151
696.219 308.151 726.758 221.656
726.758 221.656 679.725 215.96
