483.583 73.7262
494.132 412.191
640.868 423.834
276.762 361.026
476.723 98.2547
565.784 321.611
410.018 13.9074
417.057 22.7632
273.344 13.9227
426.838 168.078
670.499 491.267
472.058 564.862
593.816 15.2096
495.733 51.5556
511.821 222.922
274.786 444.457
607.594 246.014
739.058 354.888
677.604 79.2988
490.946 185.573
581.021 334.525
325.722 598.241
151.683 476.337
170.341 281.685
585.151 552.952
149.882 591.925
5.83758 484.511
707.041 30.06
774.369 526.897
532.753 501.146
250.295 323.869
140.046 73.3381
164.765 14.5443
20.8572 106.39
147.086 565.376
252.889 73.5009
187.259 490.573
291.037 69.7033
673.227 202.585
543.277 459.213
286.128 16.6323
172.116 9.56157
477.429 44.3533
789.873 194.341
76.5335 494.792
73.0777 286.108
220.657 437.147
90.2893 311.436
157.663 65.5728
212.947 5.47593
361.716 475.649
429.37 150.734
701.971 192.22
696.219 308.151
630.053 521.924
691.723 444.171
309.694 189.603
345.447 326.728
89.2669 152.585
638.595 379.215
751.533 78.6835
464.695 520.097
643.407 141.08
32.2625 499.322
756.664 249.904
57.1378 272.431
672.628 141.093
592.431 100.043
290.717 517.914
742.426 109.65
90.8265 255.627
785.474 314.974
209.28 225.092
526.36 58.7916
311.404 34.8747
791.147 423.657
353.354 6.31235
705.564 533.295
337.936 528.463
571.428 24.8936
317.921 486.599
215.769 205.585
555.63 500.852
12.8564 177.996
535.371 261.618
765.29 92.9223
42.2632 390.533
5.37686 528.525
465.848 440.78
253.293 178.45
405.062 494.797
200.745 467.357
528.979 293.475
637.722 260.307
556.562 490.408
680.145 456.714
202.215 18.0803
181.794 408.831
679.725 215.96
720.907 69.6892
328.468 481.288
206.983 402.349
402.276 365.738
754.837 533.367
454.332 554.877
146.52 263.497
206.108 162.653
588.348 35.1127
506.845 75.337
726.758 221.656
