774.409 36.025
625.301 242.254
332.225 231.93
353.471 220.454
708.792 14.5568
468.277 115.866
2.9089 493.945
91.3386 441.768
745.919 220.563
759.721 243.266
541.591 368.171
799.042 510.074
375.428 253.561
623.639 91.3323
279.134 45.6766
798.89 493.233
410.274 546.699
46.4185 171.807
121.9 163.115
249.395 414.016
249.474 350.893
421.149 442.616
52.5008 296.505
638.249 347.594
33.2549 276.813
617.944 449.42
593.89 427.052
199.594 7.59476
579.204 172.315
705.919 296.55
130.716 189.969
567.988 415.232
449.833 246.793
471.275 153.678
388.952 415.477
490.006 435.876
115.119 248.895
144.882 40.5726
798.961 144.512
295.355 181.051
572.26 291.694
730.162 159.429
365.802 198.54
681.808 291.391
524.032 57.3655
344.271 575.396
484.45 232.759
675.455 451.61
128.162 344.536
41.2636 479.294
25.5626 35.7876
96.676 447.853
66.8283 586.018
455.158 209.469
379.698 293.733
217.368 376.825
405.787 290.212
448.601 224.801
566.959 559.379
149.337 173.146
