313.96 244.687 246.463 372.284
246.463 372.284 480.903 369.458
480.903 369.458 313.96 244.687
246.463 372.284 470.261 594.367
470.261 594.367 480.903 369.458
480.903 369.458 246.463 372.284
683.654 500.281 732.796 449.798
732.796 449.798 568.675 366.714
568.675 366.714 683.654 500.281
470.261 594.367 683.654 500.281
683.654 500.281 568.675 366.714
568.675 366.714 470.261 594.367
480.903 369.458 470.261 594.367
470.261 594.367 568.675 366.714
568.675 366.714 480.903 369.458
732.796 449.798 599.673 235.666
599.673 235.666 568.675 366.714
568.675 366.714 732.796 449.798
599.673 235.666 480.903 369.458
480.903 369.458 568.675 366.714
568.675 366.714 599.673 235.666
313.96 244.687 242.509 71.043
242.509 71.043 79.0399 197.01
79.0399 197.01 313.96 244.687
4.86355 82.1796 69.1403 276.761
69.1403 276.761 79.0399 197.01
79.0399 197.01 4.86355 82.1796
246.463 372.284 313.96 244.687
313.96 244.687 232.591 315.587
232.591 315.587 246.463 372.284
69.1403 276.761 246.463 372.284
246.463 372.284 232.591 315.587
232.591 315.587 69.1403 276.761
313.96 244.687 79.0399 197.01
79.0399 197.01 232.591 315.587
232.591 315.587 313.96 244.687
79.0399 197.01 69.1403 276.761
69.1403 276.761 232.591 315.587
232.591 315.587 79.0399 197.01
313.96 244.687 480.903 369.458
480.903 369.458 341.376 186.576
341.376 186.576 313.96 244.687
480.903 369.458 599.673 235.666
599.673 235.666 341.376 186.576
341.376 186.576 480.903 369.458
242.509 71.043 313.96 244.687
313.96 244.687 341.376 186.576
341.376 186.576 242.509 71.043
599.673 235.666 641.573 112.311
641.573 112.311 341.376 186.576
341.376 186.576 599.673 235.666
246.463 372.284 69.1403 276.761
69.1403 276.761 54.2034 557.995
54.2034 557.995 246.463 372.284
69.1403 276.761 4.86355 82.1796
4.86355 82.1796 54.2034 557.995
54.2034 557.995 69.1403 276.761
599.673 235.666 732.796 449.798
732.796 449.798 656.625 191.171
656.625 191.171 599.673 235.666
732.796 449.798 641.573 112.311
641.573 112.311 656.625 191.171
656.625 191.171 732.796 449.798
641.573 112.311 599.673 235.666
599.673 235.666 656.625 191.171
656.625 191.171 641.573 112.311
242.509 71.043 341.376 186.576
341.376 186.576 274.242 24.1211
274.242 24.1211 242.509 71.043
341.376 186.576 641.573 112.311
641.573 112.311 274.242 24.1211
274.242 24.1211 341.376 186.576
4.86355 82.1796 79.0399 197.01
79.0399 197.01 213.161 19.75
213.161 19.75 4.86355 82.1796
79.0399 197.01 242.509 71.043
242.509 71.043 213.161 19.75
213.161 19.75 79.0399 197.01
242.509 71.043 274.242 24.1211
274.242 24.1211 213.161 19.75
213.161 19.75 242.509 71.043
470.261 594.367 246.463 372.284
246.463 372.284 188.245 596.337
188.245 596.337 470.261 594.367
246.463 372.284 54.2034 557.995
54.2034 557.995 188.245 596.337
188.245 596.337 246.463 372.284
