784.954 598.13 631.064 487.772
631.064 487.772 571.147 596.994
571.147 596.994 784.954 598.13
631.064 487.772 473.044 469.523
473.044 469.523 571.147 596.994
571.147 596.994 631.064 487.772
631.064 487.772 784.954 598.13
784.954 598.13 789.581 558.506
789.581 558.506 631.064 487.772
473.044 469.523 335.944 364.189
335.944 364.189 302.725 427.013
302.725 427.013 473.044 469.523
335.944 364.189 285.123 402.276
285.123 402.276 302.725 427.013
302.725 427.013 335.944 364.189
186.598 43.5629 160.636 86.2015
160.636 86.2015 248.047 205.336
248.047 205.336 186.598 43.5629
752.244 224.296 659.1 115.44
659.1 115.44 648.21 361.291
648.21 361.291 752.244 224.296
631.064 487.772 789.581 558.506
789.581 558.506 648.21 361.291
648.21 361.291 631.064 487.772
789.581 558.506 752.244 224.296
752.244 224.296 648.21 361.291
648.21 361.291 789.581 558.506
209.174 474.281 285.123 402.276
285.123 402.276 158.902 313.329
158.902 313.329 209.174 474.281
99.6935 381.178 209.174 474.281
209.174 474.281 158.902 313.329
158.902 313.329 99.6935 381.178
285.123 402.276 335.944 364.189
335.944 364.189 158.902 313.329
158.902 313.329 285.123 402.276
335.944 364.189 248.047 205.336
248.047 205.336 158.902 313.329
158.902 313.329 335.944 364.189
473.044 469.523 631.064 487.772
631.064 487.772 506.615 331.495
506.615 331.495 473.044 469.523
631.064 487.772 648.21 361.291
648.21 361.291 506.615 331.495
506.615 331.495 631.064 487.772
648.21 361.291 659.1 115.44
659.1 115.44 506.615 331.495
506.615 331.495 648.21 361.291
335.944 364.189 473.044 469.523
473.044 469.523 506.615 331.495
506.615 331.495 335.944 364.189
248.047 205.336 160.636 86.2015
160.636 86.2015 171.447 230.308
171.447 230.308 248.047 205.336
158.902 313.329 248.047 205.336
248.047 205.336 171.447 230.308
171.447 230.308 158.902 313.329
659.1 115.44 752.244 224.296
752.244 224.296 783.724 52.0903
783.724 52.0903 659.1 115.44
752.244 224.296 789.581 558.506
789.581 558.506 783.724 52.0903
783.724 52.0903 752.244 224.296
248.047 205.336 335.944 364.189
335.944 364.189 350.012 259.833
350.012 259.833 248.047 205.336
335.944 364.189 506.615 331.495
506.615 331.495 350.012 259.833
350.012 259.833 335.944 364.189
285.123 402.276 209.174 474.281
209.174 474.281 278.28 466.975
278.28 466.975 285.123 402.276
302.725 427.013 285.123 402.276
285.123 402.276 278.28 466.975
278.28 466.975 302.725 427.013
209.174 474.281 99.6935 381.178
99.6935 381.178 57.9572 385.242
57.9572 385.242 209.174 474.281
99.6935 381.178 158.902 313.329
158.902 313.329 57.9572 385.242
57.9572 385.242 99.6935 381.178
158.902 313.329 171.447 230.308
171.447 230.308 57.9572 385.242
57.9572 385.242 158.902 313.329
186.598 43.5629 248.047 205.336
248.047 205.336 327.842 50.3036
327.842 50.3036 186.598 43.5629
440.197 22.5386 186.598 43.5629
186.598 43.5629 327.842 50.3036
327.842 50.3036 440.197 22.5386
659.1 115.44 783.724 52.0903
783.724 52.0903 593.665 38.1866
593.665 38.1866 659.1 115.44
783.724 52.0903 440.197 22.5386
440.197 22.5386 593.665 38.1866
593.665 38.1866 783.724 52.0903
278.28 466.975 209.174 474.281
209.174 474.281 309.103 529.506
309.103 529.506 278.28 466.975
473.044 469.523 302.725 427.013
302.725 427.013 309.103 529.506
309.103 529.506 473.044 469.523
302.725 427.013 278.28 466.975
278.28 466.975 309.103 529.506
309.103 529.506 302.725 427.013
309.103 529.506 209.174 474.281
209.174 474.281 379.36 575.981
379.36 575.981 309.103 529.506
571.147 596.994 473.044 469.523
473.044 469.523 379.36 575.981
379.36 575.981 571.147 596.994
473.044 469.523 309.103 529.506
309.103 529.506 379.36 575.981
379.36 575.981 473.044 469.523
160.636 86.2015 186.598 43.5629
186.598 43.5629 111.061 131.599
111.061 131.599 160.636 86.2015
171.447 230.308 160.636 86.2015
160.636 86.2015 111.061 131.599
111.061 131.599 171.447 230.308
57.9572 385.242 171.447 230.308
171.447 230.308 111.061 131.599
111.061 131.599 57.9572 385.242
350.012 259.833 506.615 331.495
506.615 331.495 354.918 163.635
354.918 163.635 350.012 259.833
248.047 205.336 350.012 259.833
350.012 259.833 354.918 163.635
354.918 163.635 248.047 205.336
327.842 50.3036 248.047 205.336
248.047 205.336 354.918 163.635
354.918 163.635 327.842 50.3036
440.197 22.5386 327.842 50.3036
327.842 50.3036 354.918 163.635
354.918 163.635 440.197 22.5386
506.615 331.495 659.1 115.44
659.1 115.44 354.918 163.635
354.918 163.635 506.615 331.495
659.1 115.44 593.665 38.1866
593.665 38.1866 354.918 163.635
354.918 163.635 659.1 115.44
593.665 38.1866 440.197 22.5386
440.197 22.5386 354.918 163.635
354.918 163.635 593.665 38.1866
