353.471 220.454 332.225 231.93 375.428 253.561
2.9089 493.945 52.5008 296.505 33.2549 276.813
617.944 449.42 638.249 347.594 593.89 427.052
759.721 243.266 745.919 220.563 705.919 296.55
798.89 493.233 759.721 243.266 705.919 296.55
121.9 163.115 46.4185 171.807 130.716 189.969
638.249 347.594 541.591 368.171 567.988 415.232
593.89 427.052 638.249 347.594 567.988 415.232
579.204 172.315 468.277 115.866 471.275 153.678
410.274 546.699 421.149 442.616 388.952 415.477
249.474 350.893 249.395 414.016 388.952 415.477
567.988 415.232 541.591 368.171 490.006 435.876
421.149 442.616 410.274 546.699 490.006 435.876
388.952 415.477 421.149 442.616 490.006 435.876
46.4185 171.807 33.2549 276.813 115.119 248.895
130.716 189.969 46.4185 171.807 115.119 248.895
33.2549 276.813 52.5008 296.505 115.119 248.895
279.134 45.6766 199.594 7.59476 144.882 40.5726
745.919 220.563 759.721 243.266 798.961 144.512
759.721 243.266 798.89 493.233 798.961 144.512
332.225 231.93 353.471 220.454 295.355 181.051
249.474 350.893 332.225 231.93 295.355 181.051
115.119 248.895 249.474 350.893 295.355 181.051
541.591 368.171 638.249 347.594 572.26 291.694
638.249 347.594 625.301 242.254 572.26 291.694
625.301 242.254 579.204 172.315 572.26 291.694
625.301 242.254 745.919 220.563 730.162 159.429
623.639 91.3323 579.204 172.315 730.162 159.429
579.204 172.315 625.301 242.254 730.162 159.429
774.409 36.025 708.792 14.5568 730.162 159.429
798.961 144.512 774.409 36.025 730.162 159.429
708.792 14.5568 623.639 91.3323 730.162 159.429
745.919 220.563 798.961 144.512 730.162 159.429
353.471 220.454 375.428 253.561 365.802 198.54
471.275 153.678 468.277 115.866 365.802 198.54
295.355 181.051 353.471 220.454 365.802 198.54
468.277 115.866 279.134 45.6766 365.802 198.54
279.134 45.6766 295.355 181.051 365.802 198.54
745.919 220.563 625.301 242.254 681.808 291.391
705.919 296.55 745.919 220.563 681.808 291.391
625.301 242.254 638.249 347.594 681.808 291.391
638.249 347.594 705.919 296.55 681.808 291.391
623.639 91.3323 708.792 14.5568 524.032 57.3655
279.134 45.6766 468.277 115.866 524.032 57.3655
708.792 14.5568 199.594 7.59476 524.032 57.3655
199.594 7.59476 279.134 45.6766 524.032 57.3655
468.277 115.866 579.204 172.315 524.032 57.3655
579.204 172.315 623.639 91.3323 524.032 57.3655
410.274 546.699 388.952 415.477 344.271 575.396
388.952 415.477 249.395 414.016 344.271 575.396
579.204 172.315 471.275 153.678 484.45 232.759
449.833 246.793 541.591 368.171 484.45 232.759
541.591 368.171 572.26 291.694 484.45 232.759
572.26 291.694 579.204 172.315 484.45 232.759
799.042 510.074 798.89 493.233 675.455 451.61
638.249 347.594 617.944 449.42 675.455 451.61
798.89 493.233 705.919 296.55 675.455 451.61
705.919 296.55 638.249 347.594 675.455 451.61
249.474 350.893 115.119 248.895 128.162 344.536
52.5008 296.505 91.3386 441.768 128.162 344.536
115.119 248.895 52.5008 296.505 128.162 344.536
91.3386 441.768 52.5008 296.505 41.2636 479.294
52.5008 296.505 2.9089 493.945 41.2636 479.294
2.9089 493.945 33.2549 276.813 25.5626 35.7876
33.2549 276.813 46.4185 171.807 25.5626 35.7876
144.882 40.5726 199.594 7.59476 25.5626 35.7876
46.4185 171.807 121.9 163.115 25.5626 35.7876
121.9 163.115 144.882 40.5726 25.5626 35.7876
128.162 344.536 91.3386 441.768 96.676 447.853
91.3386 441.768 41.2636 479.294 96.676 447.853
41.2636 479.294 2.9089 493.945 66.8283 586.018
344.271 575.396 249.395 414.016 66.8283 586.018
249.395 414.016 96.676 447.853 66.8283 586.018
96.676 447.853 41.2636 479.294 66.8283 586.018
471.275 153.678 365.802 198.54 455.158 209.469
484.45 232.759 471.275 153.678 455.158 209.469
375.428 253.561 332.225 231.93 379.698 293.733
332.225 231.93 249.474 350.893 379.698 293.733
249.474 350.893 388.952 415.477 379.698 293.733
249.395 414.016 249.474 350.893 217.368 376.825
249.474 350.893 128.162 344.536 217.368 376.825
128.162 344.536 96.676 447.853 217.368 376.825
96.676 447.853 249.395 414.016 217.368 376.825
388.952 415.477 490.006 435.876 405.787 290.212
490.006 435.876 541.591 368.171 405.787 290.212
449.833 246.793 375.428 253.561 405.787 290.212
375.428 253.561 379.698 293.733 405.787 290.212
541.591 368.171 449.833 246.793 405.787 290.212
379.698 293.733 388.952 415.477 405.787 290.212
375.428 253.561 449.833 246.793 448.601 224.801
365.802 198.54 375.428 253.561 448.601 224.801
455.158 209.469 365.802 198.54 448.601 224.801
449.833 246.793 484.45 232.759 448.601 224.801
484.45 232.759 455.158 209.469 448.601 224.801
490.006 435.876 410.274 546.699 566.959 559.379
617.944 449.42 593.89 427.052 566.959 559.379
593.89 427.052 567.988 415.232 566.959 559.379
567.988 415.232 490.006 435.876 566.959 559.379
410.274 546.699 344.271 575.396 566.959 559.379
799.042 510.074 675.455 451.61 566.959 559.379
675.455 451.61 617.944 449.42 566.959 559.379
279.134 45.6766 144.882 40.5726 149.337 173.146
144.882 40.5726 121.9 163.115 149.337 173.146
295.355 181.051 279.134 45.6766 149.337 173.146
121.9 163.115 130.716 189.969 149.337 173.146
130.716 189.969 115.119 248.895 149.337 173.146
115.119 248.895 295.355 181.051 149.337 173.146
